0.000000
0.000000
0.000000
0.000000
0.000000
0.000000
0.000000
0.000000
0.000000
0.000000
0.000000
0.000001
0.000001
0.000001
0.000001
0.000001
0.000001
0.000001
0.000001
0.000002
0.000002
0.000002
0.000002
0.000002
0.000002
0.000003
0.000003
0.000003
0.000003
0.000003
0.000004
0.000004
0.000004
0.000004
0.000005
0.000005
0.000005
0.000006
0.000006
0.000006
0.000006
0.000007
0.000007
0.000007
0.000008
0.000008
0.000009
0.000009
0.000009
0.000010
0.000010
0.000010
0.000011
0.000011
0.000012
0.000012
0.000013
0.000013
0.000013
0.000014
0.000014
0.000015
0.000015
0.000016
0.000016
0.000017
0.000017
0.000018
0.000018
0.000019
0.000019
0.000020
0.000021
0.000021
0.000022
0.000022
0.000023
0.000023
0.000024
0.000025
0.000025
0.000026
0.000027
0.000027
0.000028
0.000029
0.000029
0.000030
0.000031
0.000031
0.000032
0.000033
0.000033
0.000034
0.000035
0.000036
0.000036
0.000037
0.000038
0.000039
0.000039
0.000040
0.000041
0.000042
0.000043
0.000043
0.000044
0.000045
0.000046
0.000047
0.000048
0.000048
0.000049
0.000050
0.000051
0.000052
0.000053
0.000054
0.000055
0.000056
0.000056
0.000057
0.000058
0.000059
0.000060
0.000061
0.000062
0.000063
0.000064
0.000065
0.000066
0.000067
0.000068
0.000069
0.000070
0.000071
0.000072
0.000073
0.000074
0.000076
0.000077
0.000078
0.000079
0.000080
0.000081
0.000082
0.000083
0.000084
0.000085
0.000087
0.000088
0.000089
0.000090
0.000091
0.000092
0.000094
0.000095
0.000096
0.000097
0.000099
0.000100
0.000101
0.000102
0.000103
0.000105
0.000106
0.000107
0.000109
0.000110
0.000111
0.000112
0.000114
0.000115
0.000116
0.000118
0.000119
0.000120
0.000122
0.000123
0.000125
0.000126
0.000127
0.000129
0.000130
0.000131
0.000133
0.000134
0.000136
0.000137
0.000139
0.000140
0.000142
0.000143
0.000144
0.000146
0.000147
0.000149
0.000150
0.000152
0.000153
0.000155
0.000157
0.000158
0.000160
0.000161
0.000163
0.000164
0.000166
0.000168
0.000169
0.000171
0.000172
0.000174
0.000176
0.000177
0.000179
0.000180
0.000182
0.000184
0.000185
0.000187
0.000189
0.000191
0.000192
0.000194
0.000196
0.000197
0.000199
0.000201
0.000203
0.000204
0.000206
0.000208
0.000210
0.000211
0.000213
0.000215
0.000217
0.000219
0.000220
0.000222
0.000224
0.000226
0.000228
0.000230
0.000231
0.000233
0.000235
0.000237
0.000239
0.000241
0.000243
0.000245
0.000247
0.000249
0.000250
0.000252
0.000254
0.000256
0.000258
0.000260
0.000262
0.000264
0.000266
0.000268
0.000270
0.000272
0.000274
0.000276
0.000278
0.000280
0.000282
0.000284
0.000287
0.000289
0.000291
0.000293
0.000295
0.000297
0.000299
0.000301
0.000303
0.000305
0.000308
0.000310
0.000312
0.000314
0.000316
0.000318
0.000321
0.000323
0.000325
0.000327
0.000329
0.000332
0.000334
0.000336
0.000338
0.000341
0.000343
0.000345
0.000347
0.000350
0.000352
0.000354
0.000356
0.000359
0.000361
0.000363
0.000366
0.000368
0.000370
0.000373
0.000375
0.000377
0.000380
0.000382
0.000385
0.000387
0.000389
0.000392
0.000394
0.000397
0.000399
0.000402
0.000404
0.000406
0.000409
0.000411
0.000414
0.000416
0.000419
0.000421
0.000424
0.000426
0.000429
0.000431
0.000434
0.000436
0.000439
0.000441
0.000444
0.000447
0.000449
0.000452
0.000454
0.000457
0.000459
0.000462
0.000465
0.000467
0.000470
0.000473
0.000475
0.000478
0.000481
0.000483
0.000486
0.000489
0.000491
0.000494
0.000497
0.000499
0.000502
0.000505
0.000508
0.000510
0.000513
0.000516
0.000519
0.000521
0.000524
0.000527
0.000530
0.000532
0.000535
0.000538
0.000541
0.000544
0.000546
0.000549
0.000552
0.000555
0.000558
0.000561
0.000564
0.000566
0.000569
0.000572
0.000575
0.000578
0.000581
0.000584
0.000587
0.000590
0.000593
0.000596
0.000599
0.000602
0.000605
0.000608
0.000611
0.000614
0.000617
0.000620
0.000623
0.000626
0.000629
0.000632
0.000635
0.000638
0.000641
0.000644
0.000647
0.000650
0.000653
0.000656
0.000659
0.000662
0.000665
0.000669
0.000672
0.000675
0.000678
0.000681
0.000684
0.000687
0.000691
0.000694
0.000697
0.000700
0.000703
0.000707
0.000710
0.000713
0.000716
0.000719
0.000723
0.000726
0.000729
0.000732
0.000736
0.000739
0.000742
0.000745
0.000749
0.000752
0.000755
0.000759
0.000762
0.000765
0.000769
0.000772
0.000775
0.000779
0.000782
0.000785
0.000789
0.000792
0.000796
0.000799
0.000802
0.000806
0.000809
0.000813
0.000816
0.000820
0.000823
0.000826
0.000830
0.000833
0.000837
0.000840
0.000844
0.000847
0.000851
0.000854
0.000858
0.000861
0.000865
0.000868
0.000872
0.000876
0.000879
0.000883
0.000886
0.000890
0.000893
0.000897
0.000901
0.000904
0.000908
0.000911
0.000915
0.000919
0.000922
0.000926
0.000930
0.000933
0.000937
0.000941
0.000944
0.000948
0.000952
0.000955
0.000959
0.000963
0.000967
0.000970
0.000974
0.000978
0.000981
0.000985
0.000989
0.000993
0.000997
0.001000
0.001004
0.001008
0.001012
0.001016
0.001019
0.001023
0.001027
0.001031
0.001035
0.001039
0.001042
0.001046
0.001050
0.001054
0.001058
0.001062
0.001066
0.001070
0.001074
0.001077
0.001081
0.001085
0.001089
0.001093
0.001097
0.001101
0.001105
0.001109
0.001113
0.001117
0.001121
0.001125
0.001129
0.001133
0.001137
0.001141
0.001145
0.001149
0.001153
0.001157
0.001161
0.001165
0.001170
0.001174
0.001178
0.001182
0.001186
0.001190
0.001194
0.001198
0.001202
0.001206
0.001211
0.001215
0.001219
0.001223
0.001227
0.001231
0.001236
0.001240
0.001244
0.001248
0.001252
0.001257
0.001261
0.001265
0.001269
0.001274
0.001278
0.001282
0.001286
0.001291
0.001295
0.001299
0.001304
0.001308
0.001312
0.001316
0.001321
0.001325
0.001329
0.001334
0.001338
0.001342
0.001347
0.001351
0.001356
0.001360
0.001364
0.001369
0.001373
0.001378
0.001382
0.001386
0.001391
0.001395
0.001400
0.001404
0.001409
0.001413
0.001417
0.001422
0.001426
0.001431
0.001435
0.001440
0.001444
0.001449
0.001453
0.001458
0.001463
0.001467
0.001472
0.001476
0.001481
0.001485
0.001490
0.001494
0.001499
0.001504
0.001508
0.001513
0.001517
0.001522
0.001527
0.001531
0.001536
0.001541
0.001545
0.001550
0.001555
0.001559
0.001564
0.001569
0.001573
0.001578
0.001583
0.001587
0.001592
0.001597
0.001602
0.001606
0.001611
0.001616
0.001621
0.001625
0.001630
0.001635
0.001640
0.001644
0.001649
0.001654
0.001659
0.001664
0.001669
0.001673
0.001678
0.001683
0.001688
0.001693
0.001698
0.001702
0.001707
0.001712
0.001717
0.001722
0.001727
0.001732
0.001737
0.001742
0.001747
0.001752
0.001756
0.001761
0.001766
0.001771
0.001776
0.001781
0.001786
0.001791
0.001796
0.001801
0.001806
0.001811
0.001816
0.001821
0.001826
0.001831
0.001836
0.001841
0.001847
0.001852
0.001857
0.001862
0.001867
0.001872
0.001877
0.001882
0.001887
0.001892
0.001897
0.001903
0.001908
0.001913
0.001918
0.001923
0.001928
0.001934
0.001939
0.001944
0.001949
0.001954
0.001959
0.001965
0.001970
0.001975
0.001980
0.001986
0.001991
0.001996
0.002001
0.002007
0.002012
0.002017
0.002022
0.002028
0.002033
0.002038
0.002044
0.002049
0.002054
0.002059
0.002065
0.002070
0.002076
0.002081
0.002086
0.002092
0.002097
0.002102
0.002108
0.002113
0.002118
0.002124
0.002129
0.002135
0.002140
0.002146
0.002151
0.002156
0.002162
0.002167
0.002173
0.002178
0.002184
0.002189
0.002195
0.002200
0.002206
0.002211
0.002217
0.002222
0.002228
0.002233
0.002239
0.002244
0.002250
0.002255
0.002261
0.002267
0.002272
0.002278
0.002283
0.002289
0.002294
0.002300
0.002306
0.002311
0.002317
0.002323
0.002328
0.002334
0.002339
0.002345
0.002351
0.002356
0.002362
0.002368
0.002374
0.002379
0.002385
0.002391
0.002396
0.002402
0.002408
0.002414
0.002419
0.002425
0.002431
0.002437
0.002442
0.002448
0.002454
0.002460
0.002465
0.002471
0.002477
0.002483
0.002489
0.002494
0.002500
0.002506
0.002512
0.002518
0.002524
0.002529
0.002535
0.002541
0.002547
0.002553
0.002559
0.002565
0.002571
0.002577
0.002582
0.002588
0.002594
0.002600
0.002606
0.002612
0.002618
0.002624
0.002630
0.002636
0.002642
0.002648
0.002654
0.002660
0.002666
0.002672
0.002678
0.002684
0.002690
0.002696
0.002702
0.002708
0.002714
0.002720
0.002726
0.002732
0.002738
0.002745
0.002751
0.002757
0.002763
0.002769
0.002775
0.002781
0.002787
0.002793
0.002800
0.002806
0.002812
0.002818
0.002824
0.002830
0.002837
0.002843
0.002849
0.002855
0.002861
0.002867
0.002874
0.002880
0.002886
0.002892
0.002899
0.002905
0.002911
0.002917
0.002924
0.002930
0.002936
0.002942
0.002949
0.002955
0.002961
0.002968
0.002974
0.002980
0.002987
0.002993
0.002999
0.003006
0.003012
0.003018
0.003025
0.003031
0.003037
0.003044
0.003050
0.003057
0.003063
0.003069
0.003076
0.003082
0.003089
0.003095
0.003101
0.003108
0.003114
0.003121
0.003127
0.003134
0.003140
0.003147
0.003153
0.003160
0.003166
0.003173
0.003179
0.003186
0.003192
0.003199
0.003205
0.003212
0.003218
0.003225
0.003231
0.003238
0.003245
0.003251
0.003258
0.003264
0.003271
0.003277
0.003284
0.003291
0.003297
0.003304
0.003311
0.003317
0.003324
0.003331
0.003337
0.003344
0.003350
0.003357
0.003364
0.003371
0.003377
0.003384
0.003391
0.003397
0.003404
0.003411
0.003417
0.003424
0.003431
0.003438
0.003444
0.003451
0.003458
0.003465
0.003471
0.003478
0.003485
0.003492
0.003499
0.003505
0.003512
0.003519
0.003526
0.003533
0.003540
0.003546
0.003553
0.003560
0.003567
0.003574
0.003581
0.003588
0.003594
0.003601
0.003608
0.003615
0.003622
0.003629
0.003636
0.003643
0.003650
0.003657
0.003664
0.003671
0.003678
0.003684
0.003691
0.003698
0.003705
0.003712
0.003719
0.003726
0.003733
0.003740
0.003747
0.003754
0.003761
0.003768
0.003776
0.003783
0.003790
0.003797
0.003804
0.003811
0.003818
0.003825
0.003832
0.003839
0.003846
0.003853
0.003860
0.003868
0.003875
0.003882
0.003889
0.003896
0.003903
0.003910
0.003918
0.003925
0.003932
0.003939
0.003946
0.003953
0.003961
0.003968
0.003975
0.003982
0.003989
0.003997
0.004004
0.004011
0.004018
0.004026
0.004033
0.004040
0.004047
0.004055
0.004062
0.004069
0.004076
0.004084
0.004091
0.004098
0.004106
0.004113
0.004120
0.004128
0.004135
0.004142
0.004150
0.004157
0.004164
0.004172
0.004179
0.004186
0.004194
0.004201
0.004209
0.004216
0.004223
0.004231
0.004238
0.004246
0.004253
0.004260
0.004268
0.004275
0.004283
0.004290
0.004298
0.004305
0.004313
0.004320
0.004328
0.004335
0.004343
0.004350
0.004358
0.004365
0.004373
0.004380
0.004388
0.004395
0.004403
0.004410
0.004418
0.004425
0.004433
0.004441
0.004448
0.004456
0.004463
0.004471
0.004479
0.004486
0.004494
0.004501
0.004509
0.004517
0.004524
0.004532
0.004540
0.004547
0.004555
0.004563
0.004570
0.004578
0.004586
0.004593
0.004601
0.004609
0.004616
0.004624
0.004632
0.004640
0.004647
0.004655
0.004663
0.004670
0.004678
0.004686
0.004694
0.004701
0.004709
0.004717
0.004725
0.004733
0.004740
0.004748
0.004756
0.004764
0.004772
0.004779
0.004787
0.004795
0.004803
0.004811
0.004819
0.004827
0.004834
0.004842
0.004850
0.004858
0.004866
0.004874
0.004882
0.004890
0.004898
0.004905
0.004913
0.004921
0.004929
0.004937
0.004945
0.004953
0.004961
0.004969
0.004977
0.004985
0.004993
0.005001
0.005009
0.005017
0.005025
0.005033
0.005041
0.005049
0.005057
0.005065
0.005073
0.005081
0.005089
0.005097
0.005105
0.005113
0.005121
0.005129
0.005138
0.005146
0.005154
0.005162
0.005170
0.005178
0.005186
0.005194
0.005202
0.005210
0.005219
0.005227
0.005235
0.005243
0.005251
0.005259
0.005268
0.005276
0.005284
0.005292
0.005300
0.005309
0.005317
0.005325
0.005333
0.005341
0.005350
0.005358
0.005366
0.005374
0.005383
0.005391
0.005399
0.005407
0.005416
0.005424
0.005432
0.005440
0.005449
0.005457
0.005465
0.005474
0.005482
0.005490
0.005499
0.005507
0.005515
0.005524
0.005532
0.005540
0.005549
0.005557
0.005565
0.005574
0.005582
0.005591
0.005599
0.005607
0.005616
0.005624
0.005633
0.005641
0.005649
0.005658
0.005666
0.005675
0.005683
0.005692
0.005700
0.005709
0.005717
0.005726
0.005734
0.005743
0.005751
0.005760
0.005768
0.005777
0.005785
0.005794
0.005802
0.005811
0.005819
0.005828
0.005836
0.005845
0.005853
0.005862
0.005871
0.005879
0.005888
0.005896
0.005905
0.005913
0.005922
0.005931
0.005939
0.005948
0.005957
0.005965
0.005974
0.005982
0.005991
0.006000
0.006008
0.006017
0.006026
0.006034
0.006043
0.006052
0.006061
0.006069
0.006078
0.006087
0.006095
0.006104
0.006113
0.006122
0.006130
0.006139
0.006148
0.006156
0.006165
0.006174
0.006183
0.006192
0.006200
0.006209
0.006218
0.006227
0.006235
0.006244
0.006253
0.006262
0.006271
0.006280
0.006288
0.006297
0.006306
0.006315
0.006324
0.006333
0.006342
0.006350
0.006359
0.006368
0.006377
0.006386
0.006395
0.006404
0.006413
0.006422
0.006430
0.006439
0.006448
0.006457
0.006466
0.006475
0.006484
0.006493
0.006502
0.006511
0.006520
0.006529
0.006538
0.006547
0.006556
0.006565
0.006574
0.006583
0.006592
0.006601
0.006610
0.006619
0.006628
0.006637
0.006646
0.006655
0.006664
0.006673
0.006682
0.006692
0.006701
0.006710
0.006719
0.006728
0.006737
0.006746
0.006755
0.006764
0.006773
0.006783
0.006792
0.006801
0.006810
0.006819
0.006828
0.006837
0.006847
0.006856
0.006865
0.006874
0.006883
0.006893
0.006902
0.006911
0.006920
0.006929
0.006939
0.006948
0.006957
0.006966
0.006975
0.006985
0.006994
0.007003
0.007013
0.007022
0.007031
0.007040
0.007050
0.007059
0.007068
0.007077
0.007087
0.007096
0.007105
0.007115
0.007124
0.007133
0.007143
0.007152
0.007161
0.007171
0.007180
0.007189
0.007199
0.007208
0.007218
0.007227
0.007236
0.007246
0.007255
0.007265
0.007274
0.007283
0.007293
0.007302
0.007312
0.007321
0.007331
0.007340
0.007349
0.007359
0.007368
0.007378
0.007387
0.007397
0.007406
0.007416
0.007425
0.007435
0.007444
0.007454
0.007463
0.007473
0.007482
0.007492
0.007501
0.007511
0.007520
0.007530
0.007540
0.007549
0.007559
0.007568
0.007578
0.007587
0.007597
0.007607
0.007616
0.007626
0.007635
0.007645
0.007655
0.007664
0.007674
0.007684
0.007693
0.007703
0.007712
0.007722
0.007732
0.007741
0.007751
0.007761
0.007770
0.007780
0.007790
0.007800
0.007809
0.007819
0.007829
0.007838
0.007848
0.007858
0.007868
0.007877
0.007887
0.007897
0.007907
0.007916
0.007926
0.007936
0.007946
0.007955
0.007965
0.007975
0.007985
0.007995
0.008004
0.008014
0.008024
0.008034
0.008044
0.008053
0.008063
0.008073
0.008083
0.008093
0.008103
0.008113
0.008122
0.008132
0.008142
0.008152
0.008162
0.008172
0.008182
0.008192
0.008201
0.008211
0.008221
0.008231
0.008241
0.008251
0.008261
0.008271
0.008281
0.008291
0.008301
0.008311
0.008321
0.008331
0.008341
0.008351
0.008361
0.008371
0.008381
0.008391
0.008401
0.008411
0.008421
0.008431
0.008441
0.008451
0.008461
0.008471
0.008481
0.008491
0.008501
0.008511
0.008521
0.008531
0.008541
0.008551
0.008561
0.008572
0.008582
0.008592
0.008602
0.008612
0.008622
0.008632
0.008642
0.008653
0.008663
0.008673
0.008683
0.008693
0.008703
0.008713
0.008724
0.008734
0.008744
0.008754
0.008764
0.008775
0.008785
0.008795
0.008805
0.008815
0.008826
0.008836
0.008846
0.008856
0.008866
0.008877
0.008887
0.008897
0.008907
0.008918
0.008928
0.008938
0.008949
0.008959
0.008969
0.008979
0.008990
0.009000
0.009010
0.009021
0.009031
0.009041
0.009052
0.009062
0.009072
0.009083
0.009093
0.009103
0.009114
0.009124
0.009134
0.009145
0.009155
0.009166
0.009176
0.009186
0.009197
0.009207
0.009218
0.009228
0.009238
0.009249
0.009259
0.009270
0.009280
0.009291
0.009301
0.009311
0.009322
0.009332
0.009343
0.009353
0.009364
0.009374
0.009385
0.009395
0.009406
0.009416
0.009427
0.009437
0.009448
0.009458
0.009469
0.009479
0.009490
0.009500
0.009511
0.009522
0.009532
0.009543
0.009553
0.009564
0.009574
0.009585
0.009595
0.009606
0.009617
0.009627
0.009638
0.009648
0.009659
0.009670
0.009680
0.009691
0.009702
0.009712
0.009723
0.009734
0.009744
0.009755
0.009766
0.009776
0.009787
0.009798
0.009808
0.009819
0.009830
0.009840
0.009851
0.009862
0.009872
0.009883
0.009894
0.009905
0.009915
0.009926
0.009937
0.009948
0.009958
0.009969
0.009980
0.009991
0.010001
0.010012
0.010023
0.010034
0.010044
0.010055
0.010066
0.010077
0.010088
0.010098
0.010109
0.010120
0.010131
0.010142
0.010153
0.010163
0.010174
0.010185
0.010196
0.010207
0.010218
0.010229
0.010239
0.010250
0.010261
0.010272
0.010283
0.010294
0.010305
0.010316
0.010327
0.010338
0.010348
0.010359
0.010370
0.010381
0.010392
0.010403
0.010414
0.010425
0.010436
0.010447
0.010458
0.010469
0.010480
0.010491
0.010502
0.010513
0.010524
0.010535
0.010546
0.010557
0.010568
0.010579
0.010590
0.010601
0.010612
0.010623
0.010634
0.010645
0.010656
0.010667
0.010678
0.010689
0.010700
0.010712
0.010723
0.010734
0.010745
0.010756
0.010767
0.010778
0.010789
0.010800
0.010811
0.010823
0.010834
0.010845
0.010856
0.010867
0.010878
0.010889
0.010901
0.010912
0.010923
0.010934
0.010945
0.010956
0.010968
0.010979
0.010990
0.011001
0.011012
0.011024
0.011035
0.011046
0.011057
0.011069
0.011080
0.011091
0.011102
0.011114
0.011125
0.011136
0.011147
0.011159
0.011170
0.011181
0.011192
0.011204
0.011215
0.011226
0.011238
0.011249
0.011260
0.011271
0.011283
0.011294
0.011305
0.011317
0.011328
0.011339
0.011351
0.011362
0.011374
0.011385
0.011396
0.011408
0.011419
0.011430
0.011442
0.011453
0.011465
0.011476
0.011487
0.011499
0.011510
0.011522
0.011533
0.011544
0.011556
0.011567
0.011579
0.011590
0.011602
0.011613
0.011625
0.011636
0.011647
0.011659
0.011670
0.011682
0.011693
0.011705
0.011716
0.011728
0.011739
0.011751
0.011762
0.011774
0.011785
0.011797
0.011808
0.011820
0.011832
0.011843
0.011855
0.011866
0.011878
0.011889
0.011901
0.011912
0.011924
0.011936
0.011947
0.011959
0.011970
0.011982
0.011994
0.012005
0.012017
0.012028
0.012040
0.012052
0.012063
0.012075
0.012087
0.012098
0.012110
0.012121
0.012133
0.012145
0.012156
0.012168
0.012180
0.012191
0.012203
0.012215
0.012227
0.012238
0.012250
0.012262
0.012273
0.012285
0.012297
0.012309
0.012320
0.012332
0.012344
0.012356
0.012367
0.012379
0.012391
0.012403
0.012414
0.012426
0.012438
0.012450
0.012461
0.012473
0.012485
0.012497
0.012509
0.012520
0.012532
0.012544
0.012556
0.012568
0.012579
0.012591
0.012603
0.012615
0.012627
0.012639
0.012651
0.012662
0.012674
0.012686
0.012698
0.012710
0.012722
0.012734
0.012746
0.012757
0.012769
0.012781
0.012793
0.012805
0.012817
0.012829
0.012841
0.012853
0.012865
0.012877
0.012889
0.012901
0.012913
0.012924
0.012936
0.012948
0.012960
0.012972
0.012984
0.012996
0.013008
0.013020
0.013032
0.013044
0.013056
0.013068
0.013080
0.013092
0.013104
0.013116
0.013128
0.013140
0.013153
0.013165
0.013177
0.013189
0.013201
0.013213
0.013225
0.013237
0.013249
0.013261
0.013273
0.013285
0.013297
0.013309
0.013322
0.013334
0.013346
0.013358
0.013370
0.013382
0.013394
0.013406
0.013419
0.013431
0.013443
0.013455
0.013467
0.013479
0.013492
0.013504
0.013516
0.013528
0.013540
0.013552
0.013565
0.013577
0.013589
0.013601
0.013613
0.013626
0.013638
0.013650
0.013662
0.013675
0.013687
0.013699
0.013711
0.013723
0.013736
0.013748
0.013760
0.013773
0.013785
0.013797
0.013809
0.013822
0.013834
0.013846
0.013858
0.013871
0.013883
0.013895
0.013908
0.013920
0.013932
0.013945
0.013957
0.013969
0.013982
0.013994
0.014006
0.014019
0.014031
0.014043
0.014056
0.014068
0.014081
0.014093
0.014105
0.014118
0.014130
0.014142
0.014155
0.014167
0.014180
0.014192
0.014205
0.014217
0.014229
0.014242
0.014254
0.014267
0.014279
0.014292
0.014304
0.014316
0.014329
0.014341
0.014354
0.014366
0.014379
0.014391
0.014404
0.014416
0.014429
0.014441
0.014454
0.014466
0.014479
0.014491
0.014504
0.014516
0.014529
0.014541
0.014554
0.014566
0.014579
0.014592
0.014604
0.014617
0.014629
0.014642
0.014654
0.014667
0.014680
0.014692
0.014705
0.014717
0.014730
0.014742
0.014755
0.014768
0.014780
0.014793
0.014806
0.014818
0.014831
0.014843
0.014856
0.014869
0.014881
0.014894
0.014907
0.014919
0.014932
0.014945
0.014957
0.014970
0.014983
0.014995
0.015008
0.015021
0.015033
0.015046
0.015059
0.015072
0.015084
0.015097
0.015110
0.015122
0.015135
0.015148
0.015161
0.015173
0.015186
0.015199
0.015212
0.015224
0.015237
0.015250
0.015263
0.015275
0.015288
0.015301
0.015314
0.015327
0.015339
0.015352
0.015365
0.015378
0.015391
0.015403
0.015416
0.015429
0.015442
0.015455
0.015468
0.015480
0.015493
0.015506
0.015519
0.015532
0.015545
0.015558
0.015570
0.015583
0.015596
0.015609
0.015622
0.015635
0.015648
0.015661
0.015674
0.015686
0.015699
0.015712
0.015725
0.015738
0.015751
0.015764
0.015777
0.015790
0.015803
0.015816
0.015829
0.015842
0.015855
0.015868
0.015881
0.015894
0.015906
0.015919
0.015932
0.015945
0.015958
0.015971
0.015984
0.015997
0.016010
0.016023
0.016036
0.016050
0.016063
0.016076
0.016089
0.016102
0.016115
0.016128
0.016141
0.016154
0.016167
0.016180
0.016193
0.016206
0.016219
0.016232
0.016245
0.016258
0.016272
0.016285
0.016298
0.016311
0.016324
0.016337
0.016350
0.016363
0.016376
0.016390
0.016403
0.016416
0.016429
0.016442
0.016455
0.016468
0.016482
0.016495
0.016508
0.016521
0.016534
0.016547
0.016561
0.016574
0.016587
0.016600
0.016613
0.016627
0.016640
0.016653
0.016666
0.016679
0.016693
0.016706
0.016719
0.016732
0.016746
0.016759
0.016772
0.016785
0.016799
0.016812
0.016825
0.016838
0.016852
0.016865
0.016878
0.016891
0.016905
0.016918
0.016931
0.016945
0.016958
0.016971
0.016984
0.016998
0.017011
0.017024
0.017038
0.017051
0.017064
0.017078
0.017091
0.017104
0.017118
0.017131
0.017144
0.017158
0.017171
0.017185
0.017198
0.017211
0.017225
0.017238
0.017251
0.017265
0.017278
0.017292
0.017305
0.017318
0.017332
0.017345
0.017359
0.017372
0.017386
0.017399
0.017412
0.017426
0.017439
0.017453
0.017466
0.017480
0.017493
0.017507
0.017520
0.017534
0.017547
0.017560
0.017574
0.017587
0.017601
0.017614
0.017628
0.017641
0.017655
0.017668
0.017682
0.017695
0.017709
0.017723
0.017736
0.017750
0.017763
0.017777
0.017790
0.017804
0.017817
0.017831
0.017844
0.017858
0.017872
0.017885
0.017899
0.017912
0.017926
0.017939
0.017953
0.017967
0.017980
0.017994
0.018007
0.018021
0.018035
0.018048
0.018062
0.018076
0.018089
0.018103
0.018116
0.018130
0.018144
0.018157
0.018171
0.018185
0.018198
0.018212
0.018226
0.018239
0.018253
0.018267
0.018280
0.018294
0.018308
0.018321
0.018335
0.018349
0.018363
0.018376
0.018390
0.018404
0.018417
0.018431
0.018445
0.018459
0.018472
0.018486
0.018500
0.018514
0.018527
0.018541
0.018555
0.018569
0.018582
0.018596
0.018610
0.018624
0.018638
0.018651
0.018665
0.018679
0.018693
0.018706
0.018720
0.018734
0.018748
0.018762
0.018776
0.018789
0.018803
0.018817
0.018831
0.018845
0.018859
0.018872
0.018886
0.018900
0.018914
0.018928
0.018942
0.018956
0.018969
0.018983
0.018997
0.019011
0.019025
0.019039
0.019053
0.019067
0.019081
0.019095
0.019108
0.019122
0.019136
0.019150
0.019164
0.019178
0.019192
0.019206
0.019220
0.019234
0.019248
0.019262
0.019276
0.019290
0.019304
0.019318
0.019332
0.019345
0.019359
0.019373
0.019387
0.019401
0.019415
0.019429
0.019443
0.019457
0.019471
0.019485
0.019499
0.019514
0.019528
0.019542
0.019556
0.019570
0.019584
0.019598
0.019612
0.019626
0.019640
0.019654
0.019668
0.019682
0.019696
0.019710
0.019724
0.019738
0.019752
0.019767
0.019781
0.019795
0.019809
0.019823
0.019837
0.019851
0.019865
0.019879
0.019893
0.019908
0.019922
0.019936
0.019950
0.019964
0.019978
0.019992
0.020007
0.020021
0.020035
0.020049
0.020063
0.020077
0.020092
0.020106
0.020120
0.020134
0.020148
0.020162
0.020177
0.020191
0.020205
0.020219
0.020233
0.020248
0.020262
0.020276
0.020290
0.020305
0.020319
0.020333
0.020347
0.020362
0.020376
0.020390
0.020404
0.020419
0.020433
0.020447
0.020461
0.020476
0.020490
0.020504
0.020518
0.020533
0.020547
0.020561
0.020576
0.020590
0.020604
0.020618
0.020633
0.020647
0.020661
0.020676
0.020690
0.020704
0.020719
0.020733
0.020747
0.020762
0.020776
0.020790
0.020805
0.020819
0.020834
0.020848
0.020862
0.020877
0.020891
0.020905
0.020920
0.020934
0.020949
0.020963
0.020977
0.020992
0.021006
0.021021
0.021035
0.021049
0.021064
0.021078
0.021093
0.021107
0.021122
0.021136
0.021150
0.021165
0.021179
0.021194
0.021208
0.021223
0.021237
0.021252
0.021266
0.021281
0.021295
0.021309
0.021324
0.021338
0.021353
0.021367
0.021382
0.021396
0.021411
0.021425
0.021440
0.021454
0.021469
0.021483
0.021498
0.021513
0.021527
0.021542
0.021556
0.021571
0.021585
0.021600
0.021614
0.021629
0.021643
0.021658
0.021673
0.021687
0.021702
0.021716
0.021731
0.021745
0.021760
0.021775
0.021789
0.021804
0.021818
0.021833
0.021848
0.021862
0.021877
0.021892
0.021906
0.021921
0.021935
0.021950
0.021965
0.021979
0.021994
0.022009
0.022023
0.022038
0.022053
0.022067
0.022082
0.022097
0.022111
0.022126
0.022141
0.022155
0.022170
0.022185
0.022199
0.022214
0.022229
0.022243
0.022258
0.022273
0.022288
0.022302
0.022317
0.022332
0.022347
0.022361
0.022376
0.022391
0.022405
0.022420
0.022435
0.022450
0.022464
0.022479
0.022494
0.022509
0.022524
0.022538
0.022553
0.022568
0.022583
0.022597
0.022612
0.022627
0.022642
0.022657
0.022671
0.022686
0.022701
0.022716
0.022731
0.022745
0.022760
0.022775
0.022790
0.022805
0.022820
0.022834
0.022849
0.022864
0.022879
0.022894
0.022909
0.022924
0.022938
0.022953
0.022968
0.022983
0.022998
0.023013
0.023028
0.023043
0.023058
0.023072
0.023087
0.023102
0.023117
0.023132
0.023147
0.023162
0.023177
0.023192
0.023207
0.023222
0.023237
0.023251
0.023266
0.023281
0.023296
0.023311
0.023326
0.023341
0.023356
0.023371
0.023386
0.023401
0.023416
0.023431
0.023446
0.023461
0.023476
0.023491
0.023506
0.023521
0.023536
0.023551
0.023566
0.023581
0.023596
0.023611
0.023626
0.023641
0.023656
0.023671
0.023686
0.023701
0.023716
0.023731
0.023746
0.023761
0.023776
0.023791
0.023807
0.023822
0.023837
0.023852
0.023867
0.023882
0.023897
0.023912
0.023927
0.023942
0.023957
0.023972
0.023988
0.024003
0.024018
0.024033
0.024048
0.024063
0.024078
0.024093
0.024108
0.024124
0.024139
0.024154
0.024169
0.024184
0.024199
0.024214
0.024230
0.024245
0.024260
0.024275
0.024290
0.024305
0.024321
0.024336
0.024351
0.024366
0.024381
0.024397
0.024412
0.024427
0.024442
0.024457
0.024473
0.024488
0.024503
0.024518
0.024533
0.024549
0.024564
0.024579
0.024594
0.024610
0.024625
0.024640
0.024655
0.024671
0.024686
0.024701
0.024716
0.024732
0.024747
0.024762
0.024777
0.024793
0.024808
0.024823
0.024838
0.024854
0.024869
0.024884
0.024900
0.024915
0.024930
0.024946
0.024961
0.024976
0.024992
0.025007
0.025022
0.025037
0.025053
0.025068
0.025083
0.025099
0.025114
0.025130
0.025145
0.025160
0.025176
0.025191
0.025206
0.025222
0.025237
0.025252
0.025268
0.025283
0.025299
0.025314
0.025329
0.025345
0.025360
0.025376
0.025391
0.025406
0.025422
0.025437
0.025453
0.025468
0.025483
0.025499
0.025514
0.025530
0.025545
0.025561
0.025576
0.025591
0.025607
0.025622
0.025638
0.025653
0.025669
0.025684
0.025700
0.025715
0.025731
0.025746
0.025762
0.025777
0.025792
0.025808
0.025823
0.025839
0.025854
0.025870
0.025885
0.025901
0.025916
0.025932
0.025948
0.025963
0.025979
0.025994
0.026010
0.026025
0.026041
0.026056
0.026072
0.026087
0.026103
0.026118
0.026134
0.026150
0.026165
0.026181
0.026196
0.026212
0.026227
0.026243
0.026259
0.026274
0.026290
0.026305
0.026321
0.026336
0.026352
0.026368
0.026383
0.026399
0.026414
0.026430
0.026446
0.026461
0.026477
0.026493
0.026508
0.026524
0.026539
0.026555
0.026571
0.026586
0.026602
0.026618
0.026633
0.026649
0.026665
0.026680
0.026696
0.026712
0.026727
0.026743
0.026759
0.026774
0.026790
0.026806
0.026821
0.026837
0.026853
0.026869
0.026884
0.026900
0.026916
0.026931
0.026947
0.026963
0.026979
0.026994
0.027010
0.027026
0.027041
0.027057
0.027073
0.027089
0.027104
0.027120
0.027136
0.027152
0.027167
0.027183
0.027199
0.027215
0.027231
0.027246
0.027262
0.027278
0.027294
0.027309
0.027325
0.027341
0.027357
0.027373
0.027388
0.027404
0.027420
0.027436
0.027452
0.027467
0.027483
0.027499
0.027515
0.027531
0.027547
0.027562
0.027578
0.027594
0.027610
0.027626
0.027642
0.027658
0.027673
0.027689
0.027705
0.027721
0.027737
0.027753
0.027769
0.027784
0.027800
0.027816
0.027832
0.027848
0.027864
0.027880
0.027896
0.027912
0.027927
0.027943
0.027959
0.027975
0.027991
0.028007
0.028023
0.028039
0.028055
0.028071
0.028087
0.028103
0.028119
0.028135
0.028150
0.028166
0.028182
0.028198
0.028214
0.028230
0.028246
0.028262
0.028278
0.028294
0.028310
0.028326
0.028342
0.028358
0.028374
0.028390
0.028406
0.028422
0.028438
0.028454
0.028470
0.028486
0.028502
0.028518
0.028534
0.028550
0.028566
0.028582
0.028598
0.028614
0.028630
0.028646
0.028662
0.028678
0.028694
0.028710
0.028727
0.028743
0.028759
0.028775
0.028791
0.028807
0.028823
0.028839
0.028855
0.028871
0.028887
0.028903
0.028919
0.028936
0.028952
0.028968
0.028984
0.029000
0.029016
0.029032
0.029048
0.029064
0.029080
0.029097
0.029113
0.029129
0.029145
0.029161
0.029177
0.029193
0.029210
0.029226
0.029242
0.029258
0.029274
0.029290
0.029306
0.029323
0.029339
0.029355
0.029371
0.029387
0.029403
0.029420
0.029436
0.029452
0.029468
0.029484
0.029501
0.029517
0.029533
0.029549
0.029565
0.029582
0.029598
0.029614
0.029630
0.029646
0.029663
0.029679
0.029695
0.029711
0.029728
0.029744
0.029760
0.029776
0.029793
0.029809
0.029825
0.029841
0.029858
0.029874
0.029890
0.029906
0.029923
0.029939
0.029955
0.029971
0.029988
0.030004
0.030020
0.030037
0.030053
0.030069
0.030085
0.030102
0.030118
0.030134
0.030151
0.030167
0.030183
0.030200
0.030216
0.030232
0.030249
0.030265
0.030281
0.030298
0.030314
0.030330
0.030347
0.030363
0.030379
0.030396
0.030412
0.030428
0.030445
0.030461
0.030477
0.030494
0.030510
0.030527
0.030543
0.030559
0.030576
0.030592
0.030608
0.030625
0.030641
0.030658
0.030674
0.030690
0.030707
0.030723
0.030740
0.030756
0.030773
0.030789
0.030805
0.030822
0.030838
0.030855
0.030871
0.030887
0.030904
0.030920
0.030937
0.030953
0.030970
0.030986
0.031003
0.031019
0.031036
0.031052
0.031068
0.031085
0.031101
0.031118
0.031134
0.031151
0.031167
0.031184
0.031200
0.031217
0.031233
0.031250
0.031266
0.031283
0.031299
0.031316
0.031332
0.031349
0.031365
0.031382
0.031398
0.031415
0.031431
0.031448
0.031464
0.031481
0.031498
0.031514
0.031531
0.031547
0.031564
0.031580
0.031597
0.031613
0.031630
0.031647
0.031663
0.031680
0.031696
0.031713
0.031729
0.031746
0.031763
0.031779
0.031796
0.031812
0.031829
0.031845
0.031862
0.031879
0.031895
0.031912
0.031928
0.031945
0.031962
0.031978
0.031995
0.032012
0.032028
0.032045
0.032061
0.032078
0.032095
0.032111
0.032128
0.032145
0.032161
0.032178
0.032195
0.032211
0.032228
0.032245
0.032261
0.032278
0.032295
0.032311
0.032328
0.032345
0.032361
0.032378
0.032395
0.032411
0.032428
0.032445
0.032461
0.032478
0.032495
0.032511
0.032528
0.032545
0.032562
0.032578
0.032595
0.032612
0.032628
0.032645
0.032662
0.032679
0.032695
0.032712
0.032729
0.032746
0.032762
0.032779
0.032796
0.032813
0.032829
0.032846
0.032863
0.032880
0.032896
0.032913
0.032930
0.032947
0.032963
0.032980
0.032997
0.033014
0.033031
0.033047
0.033064
0.033081
0.033098
0.033115
0.033131
0.033148
0.033165
0.033182
0.033199
0.033215
0.033232
0.033249
0.033266
0.033283
0.033300
0.033316
0.033333
0.033350
0.033367
0.033384
0.033401
0.033417
0.033434
0.033451
0.033468
0.033485
0.033502
0.033519
0.033535
0.033552
0.033569
0.033586
0.033603
0.033620
0.033637
0.033654
0.033670
0.033687
0.033704
0.033721
0.033738
0.033755
0.033772
0.033789
0.033806
0.033822
0.033839
0.033856
0.033873
0.033890
0.033907
0.033924
0.033941
0.033958
0.033975
0.033992
0.034009
0.034026
0.034043
0.034059
0.034076
0.034093
0.034110
0.034127
0.034144
0.034161
0.034178
0.034195
0.034212
0.034229
0.034246
0.034263
0.034280
0.034297
0.034314
0.034331
0.034348
0.034365
0.034382
0.034399
0.034416
0.034433
0.034450
0.034467
0.034484
0.034501
0.034518
0.034535
0.034552
0.034569
0.034586
0.034603
0.034620
0.034637
0.034654
0.034671
0.034688
0.034705
0.034722
0.034739
0.034756
0.034773
0.034790
0.034808
0.034825
0.034842
0.034859
0.034876
0.034893
0.034910
0.034927
0.034944
0.034961
0.034978
0.034995
0.035012
0.035029
0.035047
0.035064
0.035081
0.035098
0.035115
0.035132
0.035149
0.035166
0.035183
0.035201
0.035218
0.035235
0.035252
0.035269
0.035286
0.035303
0.035320
0.035338
0.035355
0.035372
0.035389
0.035406
0.035423
0.035440
0.035458
0.035475
0.035492
0.035509
0.035526
0.035543
0.035560
0.035578
0.035595
0.035612
0.035629
0.035646
0.035664
0.035681
0.035698
0.035715
0.035732
0.035749
0.035767
0.035784
0.035801
0.035818
0.035835
0.035853
0.035870
0.035887
0.035904
0.035922
0.035939
0.035956
0.035973
0.035990
0.036008
0.036025
0.036042
0.036059
0.036077
0.036094
0.036111
0.036128
0.036146
0.036163
0.036180
0.036197
0.036215
0.036232
0.036249
0.036266
0.036284
0.036301
0.036318
0.036336
0.036353
0.036370
0.036387
0.036405
0.036422
0.036439
0.036457
0.036474
0.036491
0.036508
0.036526
0.036543
0.036560
0.036578
0.036595
0.036612
0.036630
0.036647
0.036664
0.036682
0.036699
0.036716
0.036734
0.036751
0.036768
0.036786
0.036803
0.036820
0.036838
0.036855
0.036872
0.036890
0.036907
0.036924
0.036942
0.036959
0.036976
0.036994
0.037011
0.037029
0.037046
0.037063
0.037081
0.037098
0.037115
0.037133
0.037150
0.037168
0.037185
0.037202
0.037220
0.037237
0.037255
0.037272
0.037289
0.037307
0.037324
0.037342
0.037359
0.037377
0.037394
0.037411
0.037429
0.037446
0.037464
0.037481
0.037499
0.037516
0.037533
0.037551
0.037568
0.037586
0.037603
0.037621
0.037638
0.037656
0.037673
0.037690
0.037708
0.037725
0.037743
0.037760
0.037778
0.037795
0.037813
0.037830
0.037848
0.037865
0.037883
0.037900
0.037918
0.037935
0.037953
0.037970
0.037988
0.038005
0.038023
0.038040
0.038058
0.038075
0.038093
0.038110
0.038128
0.038145
0.038163
0.038180
0.038198
0.038215
0.038233
0.038250
0.038268
0.038286
0.038303
0.038321
0.038338
0.038356
0.038373
0.038391
0.038408
0.038426
0.038444
0.038461
0.038479
0.038496
0.038514
0.038531
0.038549
0.038567
0.038584
0.038602
0.038619
0.038637
0.038654
0.038672
0.038690
0.038707
0.038725
0.038742
0.038760
0.038778
0.038795
0.038813
0.038830
0.038848
0.038866
0.038883
0.038901
0.038919
0.038936
0.038954
0.038971
0.038989
0.039007
0.039024
0.039042
0.039060
0.039077
0.039095
0.039113
0.039130
0.039148
0.039166
0.039183
0.039201
0.039219
0.039236
0.039254
0.039272
0.039289
0.039307
0.039325
0.039342
0.039360
0.039378
0.039395
0.039413
0.039431
0.039448
0.039466
0.039484
0.039501
0.039519
0.039537
0.039555
0.039572
0.039590
0.039608
0.039625
0.039643
0.039661
0.039679
0.039696
0.039714
0.039732
0.039749
0.039767
0.039785
0.039803
0.039820
0.039838
0.039856
0.039874
0.039891
0.039909
0.039927
0.039945
0.039962
0.039980
0.039998
0.040016
0.040033
0.040051
0.040069
0.040087
0.040104
0.040122
0.040140
0.040158
0.040176
0.040193
0.040211
0.040229
0.040247
0.040265
0.040282
0.040300
0.040318
0.040336
0.040354
0.040371
0.040389
0.040407
0.040425
0.040443
0.040460
0.040478
0.040496
0.040514
0.040532
0.040550
0.040567
0.040585
0.040603
0.040621
0.040639
0.040657
0.040674
0.040692
0.040710
0.040728
0.040746
0.040764
0.040781
0.040799
0.040817
0.040835
0.040853
0.040871
0.040889
0.040907
0.040924
0.040942
0.040960
0.040978
0.040996
0.041014
0.041032
0.041050
0.041067
0.041085
0.041103
0.041121
0.041139
0.041157
0.041175
0.041193
0.041211
0.041229
0.041246
0.041264
0.041282
0.041300
0.041318
0.041336
0.041354
0.041372
0.041390
0.041408
0.041426
0.041444
0.041462
0.041480
0.041497
0.041515
0.041533
0.041551
0.041569
0.041587
0.041605
0.041623
0.041641
0.041659
0.041677
0.041695
0.041713
0.041731
0.041749
0.041767
0.041785
0.041803
0.041821
0.041839
0.041857
0.041875
0.041893
0.041911
0.041929
0.041947
0.041965
0.041983
0.042001
0.042019
0.042037
0.042055
0.042073
0.042091
0.042109
0.042127
0.042145
0.042163
0.042181
0.042199
0.042217
0.042235
0.042253
0.042271
0.042289
0.042307
0.042325
0.042343
0.042361
0.042379
0.042397
0.042415
0.042433
0.042451
0.042469
0.042487
0.042506
0.042524
0.042542
0.042560
0.042578
0.042596
0.042614
0.042632
0.042650
0.042668
0.042686
0.042704
0.042722
0.042740
0.042759
0.042777
0.042795
0.042813
0.042831
0.042849
0.042867
0.042885
0.042903
0.042921
0.042940
0.042958
0.042976
0.042994
0.043012
0.043030
0.043048
0.043066
0.043084
0.043103
0.043121
0.043139
0.043157
0.043175
0.043193
0.043211
0.043230
0.043248
0.043266
0.043284
0.043302
0.043320
0.043338
0.043357
0.043375
0.043393
0.043411
0.043429
0.043447
0.043466
0.043484
0.043502
0.043520
0.043538
0.043556
0.043575
0.043593
0.043611
0.043629
0.043647
0.043665
0.043684
0.043702
0.043720
0.043738
0.043756
0.043775
0.043793
0.043811
0.043829
0.043847
0.043866
0.043884
0.043902
0.043920
0.043939
0.043957
0.043975
0.043993
0.044011
0.044030
0.044048
0.044066
0.044084
0.044103
0.044121
0.044139
0.044157
0.044176
0.044194
0.044212
0.044230
0.044249
0.044267
0.044285
0.044303
0.044322
0.044340
0.044358
0.044376
0.044395
0.044413
0.044431
0.044449
0.044468
0.044486
0.044504
0.044523
0.044541
0.044559
0.044577
0.044596
0.044614
0.044632
0.044651
0.044669
0.044687
0.044705
0.044724
0.044742
0.044760
0.044779
0.044797
0.044815
0.044834
0.044852
0.044870
0.044889
0.044907
0.044925
0.044944
0.044962
0.044980
0.044999
0.045017
0.045035
0.045054
0.045072
0.045090
0.045109
0.045127
0.045145
0.045164
0.045182
0.045200
0.045219
0.045237
0.045255
0.045274
0.045292
0.045310
0.045329
0.045347
0.045366
0.045384
0.045402
0.045421
0.045439
0.045457
0.045476
0.045494
0.045513
0.045531
0.045549
0.045568
0.045586
0.045605
0.045623
0.045641
0.045660
0.045678
0.045697
0.045715
0.045733
0.045752
0.045770
0.045789
0.045807
0.045825
0.045844
0.045862
0.045881
0.045899
0.045918
0.045936
0.045954
0.045973
0.045991
0.046010
0.046028
0.046047
0.046065
0.046083
0.046102
0.046120
0.046139
0.046157
0.046176
0.046194
0.046213
0.046231
0.046250
0.046268
0.046286
0.046305
0.046323
0.046342
0.046360
0.046379
0.046397
0.046416
0.046434
0.046453
0.046471
0.046490
0.046508
0.046527
0.046545
0.046564
0.046582
0.046601
0.046619
0.046638
0.046656
0.046675
0.046693
0.046712
0.046730
0.046749
0.046767
0.046786
0.046804
0.046823
0.046841
0.046860
0.046878
0.046897
0.046915
0.046934
0.046952
0.046971
0.046989
0.047008
0.047027
0.047045
0.047064
0.047082
0.047101
0.047119
0.047138
0.047156
0.047175
0.047193
0.047212
0.047231
0.047249
0.047268
0.047286
0.047305
0.047323
0.047342
0.047360
0.047379
0.047398
0.047416
0.047435
0.047453
0.047472
0.047491
0.047509
0.047528
0.047546
0.047565
0.047583
0.047602
0.047621
0.047639
0.047658
0.047676
0.047695
0.047714
0.047732
0.047751
0.047769
0.047788
0.047807
0.047825
0.047844
0.047863
0.047881
0.047900
0.047918
0.047937
0.047956
0.047974
0.047993
0.048012
0.048030
0.048049
0.048067
0.048086
0.048105
0.048123
0.048142
0.048161
0.048179
0.048198
0.048217
0.048235
0.048254
0.048273
0.048291
0.048310
0.048329
0.048347
0.048366
0.048385
0.048403
0.048422
0.048441
0.048459
0.048478
0.048497
0.048515
0.048534
0.048553
0.048571
0.048590
0.048609
0.048627
0.048646
0.048665
0.048683
0.048702
0.048721
0.048740
0.048758
0.048777
0.048796
0.048814
0.048833
0.048852
0.048871
0.048889
0.048908
0.048927
0.048945
0.048964
0.048983
0.049002
0.049020
0.049039
0.049058
0.049076
0.049095
0.049114
0.049133
0.049151
0.049170
0.049189
0.049208
0.049226
0.049245
0.049264
0.049283
0.049301
0.049320
0.049339
0.049358
0.049376
0.049395
0.049414
0.049433
0.049451
0.049470
0.049489
0.049508
0.049527
0.049545
0.049564
0.049583
0.049602
0.049620
0.049639
0.049658
0.049677
0.049696
0.049714
0.049733
0.049752
0.049771
0.049790
0.049808
0.049827
0.049846
0.049865
0.049884
0.049902
0.049921
0.049940
0.049959
0.049978
0.049996
0.050015
0.050034
0.050053
0.050072
0.050091
0.050109
0.050128
0.050147
0.050166
0.050185
0.050204
0.050222
0.050241
0.050260
0.050279
0.050298
0.050317
0.050335
0.050354
0.050373
0.050392
0.050411
0.050430
0.050448
0.050467
0.050486
0.050505
0.050524
0.050543
0.050562
0.050581
0.050599
0.050618
0.050637
0.050656
0.050675
0.050694
0.050713
0.050732
0.050750
0.050769
0.050788
0.050807
0.050826
0.050845
0.050864
0.050883
0.050901
0.050920
0.050939
0.050958
0.050977
0.050996
0.051015
0.051034
0.051053
0.051072
0.051091
0.051109
0.051128
0.051147
0.051166
0.051185
0.051204
0.051223
0.051242
0.051261
0.051280
0.051299
0.051318
0.051337
0.051355
0.051374
0.051393
0.051412
0.051431
0.051450
0.051469
0.051488
0.051507
0.051526
0.051545
0.051564
0.051583
0.051602
0.051621
0.051640
0.051659
0.051678
0.051697
0.051715
0.051734
0.051753
0.051772
0.051791
0.051810
0.051829
0.051848
0.051867
0.051886
0.051905
0.051924
0.051943
0.051962
0.051981
0.052000
0.052019
0.052038
0.052057
0.052076
0.052095
0.052114
0.052133
0.052152
0.052171
0.052190
0.052209
0.052228
0.052247
0.052266
0.052285
0.052304
0.052323
0.052342
0.052361
0.052380
0.052399
0.052418
0.052437
0.052456
0.052475
0.052494
0.052513
0.052532
0.052551
0.052570
0.052590
0.052609
0.052628
0.052647
0.052666
0.052685
0.052704
0.052723
0.052742
0.052761
0.052780
0.052799
0.052818
0.052837
0.052856
0.052875
0.052894
0.052913
0.052932
0.052951
0.052971
0.052990
0.053009
0.053028
0.053047
0.053066
0.053085
0.053104
0.053123
0.053142
0.053161
0.053180
0.053199
0.053219
0.053238
0.053257
0.053276
0.053295
0.053314
0.053333
0.053352
0.053371
0.053390
0.053409
0.053429
0.053448
0.053467
0.053486
0.053505
0.053524
0.053543
0.053562
0.053581
0.053601
0.053620
0.053639
0.053658
0.053677
0.053696
0.053715
0.053734
0.053754
0.053773
0.053792
0.053811
0.053830
0.053849
0.053868
0.053888
0.053907
0.053926
0.053945
0.053964
0.053983
0.054002
0.054022
0.054041
0.054060
0.054079
0.054098
0.054117
0.054136
0.054156
0.054175
0.054194
0.054213
0.054232
0.054251
0.054271
0.054290
0.054309
0.054328
0.054347
0.054366
0.054386
0.054405
0.054424
0.054443
0.054462
0.054482
0.054501
0.054520
0.054539
0.054558
0.054578
0.054597
0.054616
0.054635
0.054654
0.054674
0.054693
0.054712
0.054731
0.054750
0.054770
0.054789
0.054808
0.054827
0.054846
0.054866
0.054885
0.054904
0.054923
0.054942
0.054962
0.054981
0.055000
0.055019
0.055039
0.055058
0.055077
0.055096
0.055116
0.055135
0.055154
0.055173
0.055192
0.055212
0.055231
0.055250
0.055269
0.055289
0.055308
0.055327
0.055346
0.055366
0.055385
0.055404
0.055423
0.055443
0.055462
0.055481
0.055500
0.055520
0.055539
0.055558
0.055578
0.055597
0.055616
0.055635
0.055655
0.055674
0.055693
0.055712
0.055732
0.055751
0.055770
0.055790
0.055809
0.055828
0.055847
0.055867
0.055886
0.055905
0.055925
0.055944
0.055963
0.055982
0.056002
0.056021
0.056040
0.056060
0.056079
0.056098
0.056118
0.056137
0.056156
0.056176
0.056195
0.056214
0.056233
0.056253
0.056272
0.056291
0.056311
0.056330
0.056349
0.056369
0.056388
0.056407
0.056427
0.056446
0.056465
0.056485
0.056504
0.056523
0.056543
0.056562
0.056581
0.056601
0.056620
0.056639
0.056659
0.056678
0.056697
0.056717
0.056736
0.056756
0.056775
0.056794
0.056814
0.056833
0.056852
0.056872
0.056891
0.056910
0.056930
0.056949
0.056968
0.056988
0.057007
0.057027
0.057046
0.057065
0.057085
0.057104
0.057123
0.057143
0.057162
0.057182
0.057201
0.057220
0.057240
0.057259
0.057279
0.057298
0.057317
0.057337
0.057356
0.057376
0.057395
0.057414
0.057434
0.057453
0.057473
0.057492
0.057511
0.057531
0.057550
0.057570
0.057589
0.057608
0.057628
0.057647
0.057667
0.057686
0.057705
0.057725
0.057744
0.057764
0.057783
0.057803
0.057822
0.057841
0.057861
0.057880
0.057900
0.057919
0.057939
0.057958
0.057977
0.057997
0.058016
0.058036
0.058055
0.058075
0.058094
0.058114
0.058133
0.058152
0.058172
0.058191
0.058211
0.058230
0.058250
0.058269
0.058289
0.058308
0.058328
0.058347
0.058366
0.058386
0.058405
0.058425
0.058444
0.058464
0.058483
0.058503
0.058522
0.058542
0.058561
0.058581
0.058600
0.058620
0.058639
0.058659
0.058678
0.058698
0.058717
0.058737
0.058756
0.058775
0.058795
0.058814
0.058834
0.058853
0.058873
0.058892
0.058912
0.058931
0.058951
0.058970
0.058990
0.059009
0.059029
0.059048
0.059068
0.059088
0.059107
0.059127
0.059146
0.059166
0.059185
0.059205
0.059224
0.059244
0.059263
0.059283
0.059302
0.059322
0.059341
0.059361
0.059380
0.059400
0.059419
0.059439
0.059458
0.059478
0.059498
0.059517
0.059537
0.059556
0.059576
0.059595
0.059615
0.059634
0.059654
0.059673
0.059693
0.059713
0.059732
0.059752
0.059771
0.059791
0.059810
0.059830
0.059849
0.059869
0.059889
0.059908
0.059928
0.059947
0.059967
0.059986
0.060006
0.060026
0.060045
0.060065
0.060084
0.060104
0.060123
0.060143
0.060163
0.060182
0.060202
0.060221
0.060241
0.060260
0.060280
0.060300
0.060319
0.060339
0.060358
0.060378
0.060398
0.060417
0.060437
0.060456
0.060476
0.060496
0.060515
0.060535
0.060554
0.060574
0.060594
0.060613
0.060633
0.060652
0.060672
0.060692
0.060711
0.060731
0.060751
0.060770
0.060790
0.060809
0.060829
0.060849
0.060868
0.060888
0.060908
0.060927
0.060947
0.060966
0.060986
0.061006
0.061025
0.061045
0.061065
0.061084
0.061104
0.061123
0.061143
0.061163
0.061182
0.061202
0.061222
0.061241
0.061261
0.061281
0.061300
0.061320
0.061340
0.061359
0.061379
0.061399
0.061418
0.061438
0.061458
0.061477
0.061497
0.061517
0.061536
0.061556
0.061576
0.061595
0.061615
0.061635
0.061654
0.061674
0.061694
0.061713
0.061733
0.061753
0.061772
0.061792
0.061812
0.061831
0.061851
0.061871
0.061890
0.061910
0.061930
0.061949
0.061969
0.061989
0.062008
0.062028
0.062048
0.062068
0.062087
0.062107
0.062127
0.062146
0.062166
0.062186
0.062205
0.062225
0.062245
0.062265
0.062284
0.062304
0.062324
0.062343
0.062363
0.062383
0.062403
0.062422
0.062442
0.062462
0.062481
0.062501
0.062521
0.062541
0.062560
0.062580
0.062600
0.062619
0.062639
0.062659
0.062679
0.062698
0.062718
0.062738
0.062758
0.062777
0.062797
0.062817
0.062837
0.062856
0.062876
0.062896
0.062916
0.062935
0.062955
0.062975
0.062995
0.063014
0.063034
0.063054
0.063074
0.063093
0.063113
0.063133
0.063153
0.063172
0.063192
0.063212
0.063232
0.063251
0.063271
0.063291
0.063311
0.063330
0.063350
0.063370
0.063390
0.063410
0.063429
0.063449
0.063469
0.063489
0.063508
0.063528
0.063548
0.063568
0.063588
0.063607
0.063627
0.063647
0.063667
0.063686
0.063706
0.063726
0.063746
0.063766
0.063785
0.063805
0.063825
0.063845
0.063865
0.063884
0.063904
0.063924
0.063944
0.063964
0.063983
0.064003
0.064023
0.064043
0.064063
0.064082
0.064102
0.064122
0.064142
0.064162
0.064182
0.064201
0.064221
0.064241
0.064261
0.064281
0.064300
0.064320
0.064340
0.064360
0.064380
0.064400
0.064419
0.064439
0.064459
0.064479
0.064499
0.064519
0.064538
0.064558
0.064578
0.064598
0.064618
0.064638
0.064657
0.064677
0.064697
0.064717
0.064737
0.064757
0.064776
0.064796
0.064816
0.064836
0.064856
0.064876
0.064896
0.064915
0.064935
0.064955
0.064975
0.064995
0.065015
0.065035
0.065054
0.065074
0.065094
0.065114
0.065134
0.065154
0.065174
0.065193
0.065213
0.065233
0.065253
0.065273
0.065293
0.065313
0.065333
0.065352
0.065372
0.065392
0.065412
0.065432
0.065452
0.065472
0.065492
0.065512
0.065531
0.065551
0.065571
0.065591
0.065611
0.065631
0.065651
0.065671
0.065691
0.065710
0.065730
0.065750
0.065770
0.065790
0.065810
0.065830
0.065850
0.065870
0.065890
0.065909
0.065929
0.065949
0.065969
0.065989
0.066009
0.066029
0.066049
0.066069
0.066089
0.066109
0.066129
0.066148
0.066168
0.066188
0.066208
0.066228
0.066248
0.066268
0.066288
0.066308
0.066328
0.066348
0.066368
0.066388
0.066407
0.066427
0.066447
0.066467
0.066487
0.066507
0.066527
0.066547
0.066567
0.066587
0.066607
0.066627
0.066647
0.066667
0.066687
0.066707
0.066726
0.066746
0.066766
0.066786
0.066806
0.066826
0.066846
0.066866
0.066886
0.066906
0.066926
0.066946
0.066966
0.066986
0.067006
0.067026
0.067046
0.067066
0.067086
0.067106
0.067126
0.067146
0.067166
0.067186
0.067206
0.067225
0.067245
0.067265
0.067285
0.067305
0.067325
0.067345
0.067365
0.067385
0.067405
0.067425
0.067445
0.067465
0.067485
0.067505
0.067525
0.067545
0.067565
0.067585
0.067605
0.067625
0.067645
0.067665
0.067685
0.067705
0.067725
0.067745
0.067765
0.067785
0.067805
0.067825
0.067845
0.067865
0.067885
0.067905
0.067925
0.067945
0.067965
0.067985
0.068005
0.068025
0.068045
0.068065
0.068085
0.068105
0.068125
0.068145
0.068165
0.068185
0.068205
0.068225
0.068245
0.068265
0.068285
0.068305
0.068325
0.068345
0.068365
0.068385
0.068406
0.068426
0.068446
0.068466
0.068486
0.068506
0.068526
0.068546
0.068566
0.068586
0.068606
0.068626
0.068646
0.068666
0.068686
0.068706
0.068726
0.068746
0.068766
0.068786
0.068806
0.068826
0.068846
0.068866
0.068886
0.068907
0.068927
0.068947
0.068967
0.068987
0.069007
0.069027
0.069047
0.069067
0.069087
0.069107
0.069127
0.069147
0.069167
0.069187
0.069207
0.069227
0.069248
0.069268
0.069288
0.069308
0.069328
0.069348
0.069368
0.069388
0.069408
0.069428
0.069448
0.069468
0.069488
0.069508
0.069529
0.069549
0.069569
0.069589
0.069609
0.069629
0.069649
0.069669
0.069689
0.069709
0.069729
0.069749
0.069770
0.069790
0.069810
0.069830
0.069850
0.069870
0.069890
0.069910
0.069930
0.069950
0.069970
0.069991
0.070011
0.070031
0.070051
0.070071
0.070091
0.070111
0.070131
0.070151
0.070172
0.070192
0.070212
0.070232
0.070252
0.070272
0.070292
0.070312
0.070332
0.070353
0.070373
0.070393
0.070413
0.070433
0.070453
0.070473
0.070493
0.070513
0.070534
0.070554
0.070574
0.070594
0.070614
0.070634
0.070654
0.070674
0.070695
0.070715
0.070735
0.070755
0.070775
0.070795
0.070815
0.070836
0.070856
0.070876
0.070896
0.070916
0.070936
0.070956
0.070977
0.070997
0.071017
0.071037
0.071057
0.071077
0.071097
0.071118
0.071138
0.071158
0.071178
0.071198
0.071218
0.071238
0.071259
0.071279
0.071299
0.071319
0.071339
0.071359
0.071380
0.071400
0.071420
0.071440
0.071460
0.071480
0.071500
0.071521
0.071541
0.071561
0.071581
0.071601
0.071621
0.071642
0.071662
0.071682
0.071702
0.071722
0.071742
0.071763
0.071783
0.071803
0.071823
0.071843
0.071864
0.071884
0.071904
0.071924
0.071944
0.071964
0.071985
0.072005
0.072025
0.072045
0.072065
0.072086
0.072106
0.072126
0.072146
0.072166
0.072186
0.072207
0.072227
0.072247
0.072267
0.072287
0.072308
0.072328
0.072348
0.072368
0.072388
0.072409
0.072429
0.072449
0.072469
0.072489
0.072510
0.072530
0.072550
0.072570
0.072590
0.072611
0.072631
0.072651
0.072671
0.072692
0.072712
0.072732
0.072752
0.072772
0.072793
0.072813
0.072833
0.072853
0.072873
0.072894
0.072914
0.072934
0.072954
0.072975
0.072995
0.073015
0.073035
0.073055
0.073076
0.073096
0.073116
0.073136
0.073157
0.073177
0.073197
0.073217
0.073238
0.073258
0.073278
0.073298
0.073318
0.073339
0.073359
0.073379
0.073399
0.073420
0.073440
0.073460
0.073480
0.073501
0.073521
0.073541
0.073561
0.073582
0.073602
0.073622
0.073642
0.073663
0.073683
0.073703
0.073723
0.073744
0.073764
0.073784
0.073804
0.073825
0.073845
0.073865
0.073885
0.073906
0.073926
0.073946
0.073966
0.073987
0.074007
0.074027
0.074047
0.074068
0.074088
0.074108
0.074128
0.074149
0.074169
0.074189
0.074210
0.074230
0.074250
0.074270
0.074291
0.074311
0.074331
0.074351
0.074372
0.074392
0.074412
0.074433
0.074453
0.074473
0.074493
0.074514
0.074534
0.074554
0.074575
0.074595
0.074615
0.074635
0.074656
0.074676
0.074696
0.074717
0.074737
0.074757
0.074777
0.074798
0.074818
0.074838
0.074859
0.074879
0.074899
0.074919
0.074940
0.074960
0.074980
0.075001
0.075021
0.075041
0.075061
0.075082
0.075102
0.075122
0.075143
0.075163
0.075183
0.075204
0.075224
0.075244
0.075265
0.075285
0.075305
0.075325
0.075346
0.075366
0.075386
0.075407
0.075427
0.075447
0.075468
0.075488
0.075508
0.075529
0.075549
0.075569
0.075590
0.075610
0.075630
0.075650
0.075671
0.075691
0.075711
0.075732
0.075752
0.075772
0.075793
0.075813
0.075833
0.075854
0.075874
0.075894
0.075915
0.075935
0.075955
0.075976
0.075996
0.076016
0.076037
0.076057
0.076077
0.076098
0.076118
0.076138
0.076159
0.076179
0.076199
0.076220
0.076240
0.076260
0.076281
0.076301
0.076321
0.076342
0.076362
0.076382
0.076403
0.076423
0.076444
0.076464
0.076484
0.076505
0.076525
0.076545
0.076566
0.076586
0.076606
0.076627
0.076647
0.076667
0.076688
0.076708
0.076728
0.076749
0.076769
0.076790
0.076810
0.076830
0.076851
0.076871
0.076891
0.076912
0.076932
0.076952
0.076973
0.076993
0.077013
0.077034
0.077054
0.077075
0.077095
0.077115
0.077136
0.077156
0.077176
0.077197
0.077217
0.077238
0.077258
0.077278
0.077299
0.077319
0.077339
0.077360
0.077380
0.077401
0.077421
0.077441
0.077462
0.077482
0.077502
0.077523
0.077543
0.077564
0.077584
0.077604
0.077625
0.077645
0.077666
0.077686
0.077706
0.077727
0.077747
0.077767
0.077788
0.077808
0.077829
0.077849
0.077869
0.077890
0.077910
0.077931
0.077951
0.077971
0.077992
0.078012
0.078033
0.078053
0.078073
0.078094
0.078114
0.078135
0.078155
0.078175
0.078196
0.078216
0.078237
0.078257
0.078277
0.078298
0.078318
0.078339
0.078359
0.078379
0.078400
0.078420
0.078441
0.078461
0.078482
0.078502
0.078522
0.078543
0.078563
0.078584
0.078604
0.078624
0.078645
0.078665
0.078686
0.078706
0.078727
0.078747
0.078767
0.078788
0.078808
0.078829
0.078849
0.078869
0.078890
0.078910
0.078931
0.078951
0.078972
0.078992
0.079012
0.079033
0.079053
0.079074
0.079094
0.079115
0.079135
0.079155
0.079176
0.079196
0.079217
0.079237
0.079258
0.079278
0.079299
0.079319
0.079339
0.079360
0.079380
0.079401
0.079421
0.079442
0.079462
0.079482
0.079503
0.079523
0.079544
0.079564
0.079585
0.079605
0.079626
0.079646
0.079666
0.079687
0.079707
0.079728
0.079748
0.079769
0.079789
0.079810
0.079830
0.079851
0.079871
0.079891
0.079912
0.079932
0.079953
0.079973
0.079994
0.080014
0.080035
0.080055
0.080076
0.080096
0.080116
0.080137
0.080157
0.080178
0.080198
0.080219
0.080239
0.080260
0.080280
0.080301
0.080321
0.080342
0.080362
0.080383
0.080403
0.080423
0.080444
0.080464
0.080485
0.080505
0.080526
0.080546
0.080567
0.080587
0.080608
0.080628
0.080649
0.080669
0.080690
0.080710
0.080731
0.080751
0.080772
0.080792
0.080812
0.080833
0.080853
0.080874
0.080894
0.080915
0.080935
0.080956
0.080976
0.080997
0.081017
0.081038
0.081058
0.081079
0.081099
0.081120
0.081140
0.081161
0.081181
0.081202
0.081222
0.081243
0.081263
0.081284
0.081304
0.081325
0.081345
0.081366
0.081386
0.081407
0.081427
0.081448
0.081468
0.081489
0.081509
0.081530
0.081550
0.081571
0.081591
0.081612
0.081632
0.081653
0.081673
0.081694
0.081714
0.081735
0.081755
0.081776
0.081796
0.081817
0.081837
0.081858
0.081878
0.081899
0.081919
0.081940
0.081960
0.081981
0.082001
0.082022
0.082042
0.082063
0.082083
0.082104
0.082124
0.082145
0.082165
0.082186
0.082206
0.082227
0.082247
0.082268
0.082288
0.082309
0.082330
0.082350
0.082371
0.082391
0.082412
0.082432
0.082453
0.082473
0.082494
0.082514
0.082535
0.082555
0.082576
0.082596
0.082617
0.082637
0.082658
0.082678
0.082699
0.082720
0.082740
0.082761
0.082781
0.082802
0.082822
0.082843
0.082863
0.082884
0.082904
0.082925
0.082945
0.082966
0.082986
0.083007
0.083028
0.083048
0.083069
0.083089
0.083110
0.083130
0.083151
0.083171
0.083192
0.083212
0.083233
0.083253
0.083274
0.083295
0.083315
0.083336
0.083356
0.083377
0.083397
0.083418
0.083438
0.083459
0.083479
0.083500
0.083521
0.083541
0.083562
0.083582
0.083603
0.083623
0.083644
0.083664
0.083685
0.083706
0.083726
0.083747
0.083767
0.083788
0.083808
0.083829
0.083849
0.083870
0.083891
0.083911
0.083932
0.083952
0.083973
0.083993
0.084014
0.084034
0.084055
0.084076
0.084096
0.084117
0.084137
0.084158
0.084178
0.084199
0.084220
0.084240
0.084261
0.084281
0.084302
0.084322
0.084343
0.084364
0.084384
0.084405
0.084425
0.084446
0.084466
0.084487
0.084508
0.084528
0.084549
0.084569
0.084590
0.084610
0.084631
0.084652
0.084672
0.084693
0.084713
0.084734
0.084754
0.084775
0.084796
0.084816
0.084837
0.084857
0.084878
0.084899
0.084919
0.084940
0.084960
0.084981
0.085001
0.085022
0.085043
0.085063
0.085084
0.085104
0.085125
0.085146
0.085166
0.085187
0.085207
0.085228
0.085248
0.085269
0.085290
0.085310
0.085331
0.085351
0.085372
0.085393
0.085413
0.085434
0.085454
0.085475
0.085496
0.085516
0.085537
0.085557
0.085578
0.085599
0.085619
0.085640
0.085660
0.085681
0.085702
0.085722
0.085743
0.085763
0.085784
0.085805
0.085825
0.085846
0.085866
0.085887
0.085908
0.085928
0.085949
0.085969
0.085990
0.086011
0.086031
0.086052
0.086072
0.086093
0.086114
0.086134
0.086155
0.086175
0.086196
0.086217
0.086237
0.086258
0.086279
0.086299
0.086320
0.086340
0.086361
0.086382
0.086402
0.086423
0.086443
0.086464
0.086485
0.086505
0.086526
0.086547
0.086567
0.086588
0.086608
0.086629
0.086650
0.086670
0.086691
0.086711
0.086732
0.086753
0.086773
0.086794
0.086815
0.086835
0.086856
0.086876
0.086897
0.086918
0.086938
0.086959
0.086980
0.087000
0.087021
0.087041
0.087062
0.087083
0.087103
0.087124
0.087145
0.087165
0.087186
0.087207
0.087227
0.087248
0.087268
0.087289
0.087310
0.087330
0.087351
0.087372
0.087392
0.087413
0.087433
0.087454
0.087475
0.087495
0.087516
0.087537
0.087557
0.087578
0.087599
0.087619
0.087640
0.087660
0.087681
0.087702
0.087722
0.087743
0.087764
0.087784
0.087805
0.087826
0.087846
0.087867
0.087888
0.087908
0.087929
0.087949
0.087970
0.087991
0.088011
0.088032
0.088053
0.088073
0.088094
0.088115
0.088135
0.088156
0.088177
0.088197
0.088218
0.088239
0.088259
0.088280
0.088301
0.088321
0.088342
0.088362
0.088383
0.088404
0.088424
0.088445
0.088466
0.088486
0.088507
0.088528
0.088548
0.088569
0.088590
0.088610
0.088631
0.088652
0.088672
0.088693
0.088714
0.088734
0.088755
0.088776
0.088796
0.088817
0.088838
0.088858
0.088879
0.088900
0.088920
0.088941
0.088962
0.088982
0.089003
0.089024
0.089044
0.089065
0.089086
0.089106
0.089127
0.089148
0.089168
0.089189
0.089210
0.089230
0.089251
0.089272
0.089292
0.089313
0.089334
0.089354
0.089375
0.089396
0.089416
0.089437
0.089458
0.089478
0.089499
0.089520
0.089540
0.089561
0.089582
0.089602
0.089623
0.089644
0.089664
0.089685
0.089706
0.089726
0.089747
0.089768
0.089788
0.089809
0.089830
0.089851
0.089871
0.089892
0.089913
0.089933
0.089954
0.089975
0.089995
0.090016
0.090037
0.090057
0.090078
0.090099
0.090119
0.090140
0.090161
0.090181
0.090202
0.090223
0.090244
0.090264
0.090285
0.090306
0.090326
0.090347
0.090368
0.090388
0.090409
0.090430
0.090450
0.090471
0.090492
0.090512
0.090533
0.090554
0.090575
0.090595
0.090616
0.090637
0.090657
0.090678
0.090699
0.090719
0.090740
0.090761
0.090781
0.090802
0.090823
0.090844
0.090864
0.090885
0.090906
0.090926
0.090947
0.090968
0.090988
0.091009
0.091030
0.091051
0.091071
0.091092
0.091113
0.091133
0.091154
0.091175
0.091195
0.091216
0.091237
0.091258
0.091278
0.091299
0.091320
0.091340
0.091361
0.091382
0.091403
0.091423
0.091444
0.091465
0.091485
0.091506
0.091527
0.091547
0.091568
0.091589
0.091610
0.091630
0.091651
0.091672
0.091692
0.091713
0.091734
0.091755
0.091775
0.091796
0.091817
0.091837
0.091858
0.091879
0.091900
0.091920
0.091941
0.091962
0.091982
0.092003
0.092024
0.092045
0.092065
0.092086
0.092107
0.092127
0.092148
0.092169
0.092190
0.092210
0.092231
0.092252
0.092272
0.092293
0.092314
0.092335
0.092355
0.092376
0.092397
0.092417
0.092438
0.092459
0.092480
0.092500
0.092521
0.092542
0.092563
0.092583
0.092604
0.092625
0.092645
0.092666
0.092687
0.092708
0.092728
0.092749
0.092770
0.092791
0.092811
0.092832
0.092853
0.092873
0.092894
0.092915
0.092936
0.092956
0.092977
0.092998
0.093019
0.093039
0.093060
0.093081
0.093101
0.093122
0.093143
0.093164
0.093184
0.093205
0.093226
0.093247
0.093267
0.093288
0.093309
0.093330
0.093350
0.093371
0.093392
0.093412
0.093433
0.093454
0.093475
0.093495
0.093516
0.093537
0.093558
0.093578
0.093599
0.093620
0.093641
0.093661
0.093682
0.093703
0.093724
0.093744
0.093765
0.093786
0.093806
0.093827
0.093848
0.093869
0.093889
0.093910
0.093931
0.093952
0.093972
0.093993
0.094014
0.094035
0.094055
0.094076
0.094097
0.094118
0.094138
0.094159
0.094180
0.094201
0.094221
0.094242
0.094263
0.094284
0.094304
0.094325
0.094346
0.094367
0.094387
0.094408
0.094429
0.094450
0.094470
0.094491
0.094512
0.094533
0.094553
0.094574
0.094595
0.094616
0.094636
0.094657
0.094678
0.094699
0.094719
0.094740
0.094761
0.094782
0.094802
0.094823
0.094844
0.094865
0.094885
0.094906
0.094927
0.094948
0.094968
0.094989
0.095010
0.095031
0.095051
0.095072
0.095093
0.095114
0.095134
0.095155
0.095176
0.095197
0.095217
0.095238
0.095259
0.095280
0.095301
0.095321
0.095342
0.095363
0.095384
0.095404
0.095425
0.095446
0.095467
0.095487
0.095508
0.095529
0.095550
0.095570
0.095591
0.095612
0.095633
0.095653
0.095674
0.095695
0.095716
0.095737
0.095757
0.095778
0.095799
0.095820
0.095840
0.095861
0.095882
0.095903
0.095923
0.095944
0.095965
0.095986
0.096007
0.096027
0.096048
0.096069
0.096090
0.096110
0.096131
0.096152
0.096173
0.096193
0.096214
0.096235
0.096256
0.096277
0.096297
0.096318
0.096339
0.096360
0.096380
0.096401
0.096422
0.096443
0.096463
0.096484
0.096505
0.096526
0.096547
0.096567
0.096588
0.096609
0.096630
0.096650
0.096671
0.096692
0.096713
0.096734
0.096754
0.096775
0.096796
0.096817
0.096837
0.096858
0.096879
0.096900
0.096921
0.096941
0.096962
0.096983
0.097004
0.097024
0.097045
0.097066
0.097087
0.097108
0.097128
0.097149
0.097170
0.097191
0.097212
0.097232
0.097253
0.097274
0.097295
0.097315
0.097336
0.097357
0.097378
0.097399
0.097419
0.097440
0.097461
0.097482
0.097502
0.097523
0.097544
0.097565
0.097586
0.097606
0.097627
0.097648
0.097669
0.097690
0.097710
0.097731
0.097752
0.097773
0.097794
0.097814
0.097835
0.097856
0.097877
0.097897
0.097918
0.097939
0.097960
0.097981
0.098001
0.098022
0.098043
0.098064
0.098085
0.098105
0.098126
0.098147
0.098168
0.098189
0.098209
0.098230
0.098251
0.098272
0.098292
0.098313
0.098334
0.098355
0.098376
0.098396
0.098417
0.098438
0.098459
0.098480
0.098500
0.098521
0.098542
0.098563
0.098584
0.098604
0.098625
0.098646
0.098667
0.098688
0.098708
0.098729
0.098750
0.098771
0.098792
0.098812
0.098833
0.098854
0.098875
0.098896
0.098916
0.098937
0.098958
0.098979
0.099000
0.099020
0.099041
0.099062
0.099083
0.099104
0.099124
0.099145
0.099166
0.099187
0.099208
0.099228
0.099249
0.099270
0.099291
0.099312
0.099332
0.099353
0.099374
0.099395
0.099416
0.099436
0.099457
0.099478
0.099499
0.099520
0.099540
0.099561
0.099582
0.099603
0.099624
0.099644
0.099665
0.099686
0.099707
0.099728
0.099749
0.099769
0.099790
0.099811
0.099832
0.099853
0.099873
0.099894
0.099915
0.099936
0.099957
0.099977
0.099998
0.100019
0.100040
0.100061
0.100081
0.100102
0.100123
0.100144
0.100165
0.100186
0.100206
0.100227
0.100248
0.100269
0.100290
0.100310
0.100331
0.100352
0.100373
0.100394
0.100414
0.100435
0.100456
0.100477
0.100498
0.100519
0.100539
0.100560
0.100581
0.100602
0.100623
0.100643
0.100664
0.100685
0.100706
0.100727
0.100747
0.100768
0.100789
0.100810
0.100831
0.100852
0.100872
0.100893
0.100914
0.100935
0.100956
0.100976
0.100997
0.101018
0.101039
0.101060
0.101081
0.101101
0.101122
0.101143
0.101164
0.101185
0.101205
0.101226
0.101247
0.101268
0.101289
0.101310
0.101330
0.101351
0.101372
0.101393
0.101414
0.101434
0.101455
0.101476
0.101497
0.101518
0.101539
0.101559
0.101580
0.101601
0.101622
0.101643
0.101664
0.101684
0.101705
0.101726
0.101747
0.101768
0.101788
0.101809
0.101830
0.101851
0.101872
0.101893
0.101913
0.101934
0.101955
0.101976
0.101997
0.102018
0.102038
0.102059
0.102080
0.102101
0.102122
0.102142
0.102163
0.102184
0.102205
0.102226
0.102247
0.102267
0.102288
0.102309
0.102330
0.102351
0.102372
0.102392
0.102413
0.102434
0.102455
0.102476
0.102497
0.102517
0.102538
0.102559
0.102580
0.102601
0.102622
0.102642
0.102663
0.102684
0.102705
0.102726
0.102747
0.102767
0.102788
0.102809
0.102830
0.102851
0.102872
0.102892
0.102913
0.102934
0.102955
0.102976
0.102996
0.103017
0.103038
0.103059
0.103080
0.103101
0.103121
0.103142
0.103163
0.103184
0.103205
0.103226
0.103246
0.103267
0.103288
0.103309
0.103330
0.103351
0.103372
0.103392
0.103413
0.103434
0.103455
0.103476
0.103497
0.103517
0.103538
0.103559
0.103580
0.103601
0.103622
0.103642
0.103663
0.103684
0.103705
0.103726
0.103747
0.103767
0.103788
0.103809
0.103830
0.103851
0.103872
0.103892
0.103913
0.103934
0.103955
0.103976
0.103997
0.104017
0.104038
0.104059
0.104080
0.104101
0.104122
0.104142
0.104163
0.104184
0.104205
0.104226
0.104247
0.104268
0.104288
0.104309
0.104330
0.104351
0.104372
0.104393
0.104413
0.104434
0.104455
0.104476
0.104497
0.104518
0.104538
0.104559
0.104580
0.104601
0.104622
0.104643
0.104664
0.104684
0.104705
0.104726
0.104747
0.104768
0.104789
0.104809
0.104830
0.104851
0.104872
0.104893
0.104914
0.104934
0.104955
0.104976
0.104997
0.105018
0.105039
0.105060
0.105080
0.105101
0.105122
0.105143
0.105164
0.105185
0.105205
0.105226
0.105247
0.105268
0.105289
0.105310
0.105331
0.105351
0.105372
0.105393
0.105414
0.105435
0.105456
0.105476
0.105497
0.105518
0.105539
0.105560
0.105581
0.105602
0.105622
0.105643
0.105664
0.105685
0.105706
0.105727
0.105748
0.105768
0.105789
0.105810
0.105831
0.105852
0.105873
0.105893
0.105914
0.105935
0.105956
0.105977
0.105998
0.106019
0.106039
0.106060
0.106081
0.106102
0.106123
0.106144
0.106165
0.106185
0.106206
0.106227
0.106248
0.106269
0.106290
0.106310
0.106331
0.106352
0.106373
0.106394
0.106415
0.106436
0.106456
0.106477
0.106498
0.106519
0.106540
0.106561
0.106582
0.106602
0.106623
0.106644
0.106665
0.106686
0.106707
0.106728
0.106748
0.106769
0.106790
0.106811
0.106832
0.106853
0.106874
0.106894
0.106915
0.106936
0.106957
0.106978
0.106999
0.107019
0.107040
0.107061
0.107082
0.107103
0.107124
0.107145
0.107165
0.107186
0.107207
0.107228
0.107249
0.107270
0.107291
0.107311
0.107332
0.107353
0.107374
0.107395
0.107416
0.107437
0.107457
0.107478
0.107499
0.107520
0.107541
0.107562
0.107583
0.107603
0.107624
0.107645
0.107666
0.107687
0.107708
0.107729
0.107749
0.107770
0.107791
0.107812
0.107833
0.107854
0.107875
0.107895
0.107916
0.107937
0.107958
0.107979
0.108000
0.108021
0.108042
0.108062
0.108083
0.108104
0.108125
0.108146
0.108167
0.108188
0.108208
0.108229
0.108250
0.108271
0.108292
0.108313
0.108334
0.108354
0.108375
0.108396
0.108417
0.108438
0.108459
0.108480
0.108500
0.108521
0.108542
0.108563
0.108584
0.108605
0.108626
0.108646
0.108667
0.108688
0.108709
0.108730
0.108751
0.108772
0.108793
0.108813
0.108834
0.108855
0.108876
0.108897
0.108918
0.108939
0.108959
0.108980
0.109001
0.109022
0.109043
0.109064
0.109085
0.109105
0.109126
0.109147
0.109168
0.109189
0.109210
0.109231
0.109251
0.109272
0.109293
0.109314
0.109335
0.109356
0.109377
0.109398
0.109418
0.109439
0.109460
0.109481
0.109502
0.109523
0.109544
0.109564
0.109585
0.109606
0.109627
0.109648
0.109669
0.109690
0.109711
0.109731
0.109752
0.109773
0.109794
0.109815
0.109836
0.109857
0.109877
0.109898
0.109919
0.109940
0.109961
0.109982
0.110003
0.110024
0.110044
0.110065
0.110086
0.110107
0.110128
0.110149
0.110170
0.110190
0.110211
0.110232
0.110253
0.110274
0.110295
0.110316
0.110337
0.110357
0.110378
0.110399
0.110420
0.110441
0.110462
0.110483
0.110503
0.110524
0.110545
0.110566
0.110587
0.110608
0.110629
0.110650
0.110670
0.110691
0.110712
0.110733
0.110754
0.110775
0.110796
0.110816
0.110837
0.110858
0.110879
0.110900
0.110921
0.110942
0.110963
0.110983
0.111004
0.111025
0.111046
0.111067
0.111088
0.111109
0.111130
0.111150
0.111171
0.111192
0.111213
0.111234
0.111255
0.111276
0.111297
0.111317
0.111338
0.111359
0.111380
0.111401
0.111422
0.111443
0.111463
0.111484
0.111505
0.111526
0.111547
0.111568
0.111589
0.111610
0.111630
0.111651
0.111672
0.111693
0.111714
0.111735
0.111756
0.111777
0.111797
0.111818
0.111839
0.111860
0.111881
0.111902
0.111923
0.111944
0.111964
0.111985
0.112006
0.112027
0.112048
0.112069
0.112090
0.112110
0.112131
0.112152
0.112173
0.112194
0.112215
0.112236
0.112257
0.112277
0.112298
0.112319
0.112340
0.112361
0.112382
0.112403
0.112424
0.112444
0.112465
0.112486
0.112507
0.112528
0.112549
0.112570
0.112591
0.112611
0.112632
0.112653
0.112674
0.112695
0.112716
0.112737
0.112758
0.112778
0.112799
0.112820
0.112841
0.112862
0.112883
0.112904
0.112925
0.112945
0.112966
0.112987
0.113008
0.113029
0.113050
0.113071
0.113092
0.113112
0.113133
0.113154
0.113175
0.113196
0.113217
0.113238
0.113259
0.113279
0.113300
0.113321
0.113342
0.113363
0.113384
0.113405
0.113426
0.113446
0.113467
0.113488
0.113509
0.113530
0.113551
0.113572
0.113593
0.113613
0.113634
0.113655
0.113676
0.113697
0.113718
0.113739
0.113760
0.113780
0.113801
0.113822
0.113843
0.113864
0.113885
0.113906
0.113927
0.113947
0.113968
0.113989
0.114010
0.114031
0.114052
0.114073
0.114094
0.114114
0.114135
0.114156
0.114177
0.114198
0.114219
0.114240
0.114261
0.114281
0.114302
0.114323
0.114344
0.114365
0.114386
0.114407
0.114428
0.114448
0.114469
0.114490
0.114511
0.114532
0.114553
0.114574
0.114595
0.114615
0.114636
0.114657
0.114678
0.114699
0.114720
0.114741
0.114762
0.114783
0.114803
0.114824
0.114845
0.114866
0.114887
0.114908
0.114929
0.114950
0.114970
0.114991
0.115012
0.115033
0.115054
0.115075
0.115096
0.115117
0.115137
0.115158
0.115179
0.115200
0.115221
0.115242
0.115263
0.115284
0.115304
0.115325
0.115346
0.115367
0.115388
0.115409
0.115430
0.115451
0.115471
0.115492
0.115513
0.115534
0.115555
0.115576
0.115597
0.115618
0.115639
0.115659
0.115680
0.115701
0.115722
0.115743
0.115764
0.115785
0.115806
0.115826
0.115847
0.115868
0.115889
0.115910
0.115931
0.115952
0.115973
0.115993
0.116014
0.116035
0.116056
0.116077
0.116098
0.116119
0.116140
0.116160
0.116181
0.116202
0.116223
0.116244
0.116265
0.116286
0.116307
0.116328
0.116348
0.116369
0.116390
0.116411
0.116432
0.116453
0.116474
0.116495
0.116515
0.116536
0.116557
0.116578
0.116599
0.116620
0.116641
0.116662
0.116682
0.116703
0.116724
0.116745
0.116766
0.116787
0.116808
0.116829
0.116850
0.116870
0.116891
0.116912
0.116933
0.116954
0.116975
0.116996
0.117017
0.117037
0.117058
0.117079
0.117100
0.117121
0.117142
0.117163
0.117184
0.117204
0.117225
0.117246
0.117267
0.117288
0.117309
0.117330
0.117351
0.117372
0.117392
0.117413
0.117434
0.117455
0.117476
0.117497
0.117518
0.117539
0.117559
0.117580
0.117601
0.117622
0.117643
0.117664
0.117685
0.117706
0.117727
0.117747
0.117768
0.117789
0.117810
0.117831
0.117852
0.117873
0.117894
0.117914
0.117935
0.117956
0.117977
0.117998
0.118019
0.118040
0.118061
0.118081
0.118102
0.118123
0.118144
0.118165
0.118186
0.118207
0.118228
0.118249
0.118269
0.118290
0.118311
0.118332
0.118353
0.118374
0.118395
0.118416
0.118436
0.118457
0.118478
0.118499
0.118520
0.118541
0.118562
0.118583
0.118604
0.118624
0.118645
0.118666
0.118687
0.118708
0.118729
0.118750
0.118771
0.118791
0.118812
0.118833
0.118854
0.118875
0.118896
0.118917
0.118938
0.118959
0.118979
0.119000
0.119021
0.119042
0.119063
0.119084
0.119105
0.119126
0.119146
0.119167
0.119188
0.119209
0.119230
0.119251
0.119272
0.119293
0.119313
0.119334
0.119355
0.119376
0.119397
0.119418
0.119439
0.119460
0.119481
0.119501
0.119522
0.119543
0.119564
0.119585
0.119606
0.119627
0.119648
0.119668
0.119689
0.119710
0.119731
0.119752
0.119773
0.119794
0.119815
0.119836
0.119856
0.119877
0.119898
0.119919
0.119940
0.119961
0.119982
0.120003
0.120023
0.120044
0.120065
0.120086
0.120107
0.120128
0.120149
0.120170
0.120191
0.120211
0.120232
0.120253
0.120274
0.120295
0.120316
0.120337
0.120358
0.120378
0.120399
0.120420
0.120441
0.120462
0.120483
0.120504
0.120525
0.120546
0.120566
0.120587
0.120608
0.120629
0.120650
0.120671
0.120692
0.120713
0.120733
0.120754
0.120775
0.120796
0.120817
0.120838
0.120859
0.120880
0.120901
0.120921
0.120942
0.120963
0.120984
0.121005
0.121026
0.121047
0.121068
0.121088
0.121109
0.121130
0.121151
0.121172
0.121193
0.121214
0.121235
0.121256
0.121276
0.121297
0.121318
0.121339
0.121360
0.121381
0.121402
0.121423
0.121443
0.121464
0.121485
0.121506
0.121527
0.121548
0.121569
0.121590
0.121611
0.121631
0.121652
0.121673
0.121694
0.121715
0.121736
0.121757
0.121778
0.121798
0.121819
0.121840
0.121861
0.121882
0.121903
0.121924
0.121945
0.121966
0.121986
0.122007
0.122028
0.122049
0.122070
0.122091
0.122112
0.122133
0.122153
0.122174
0.122195
0.122216
0.122237
0.122258
0.122279
0.122300
0.122321
0.122341
0.122362
0.122383
0.122404
0.122425
0.122446
0.122467
0.122488
0.122509
0.122529
0.122550
0.122571
0.122592
0.122613
0.122634
0.122655
0.122676
0.122696
0.122717
0.122738
0.122759
0.122780
0.122801
0.122822
0.122843
0.122864
0.122884
0.122905
0.122926
0.122947
0.122968
0.122989
0.123010
0.123031
0.123051
0.123072
0.123093
0.123114
0.123135
0.123156
0.123177
0.123198
0.123219
0.123239
0.123260
0.123281
0.123302
0.123323
0.123344
0.123365
0.123386
0.123406
0.123427
0.123448
0.123469
0.123490
0.123511
0.123532
0.123553
0.123574
0.123594
0.123615
0.123636
0.123657
0.123678
0.123699
0.123720
0.123741
0.123761
0.123782
0.123803
0.123824
0.123845
0.123866
0.123887
0.123908
0.123929
0.123949
0.123970
0.123991
0.124012
0.124033
0.124054
0.124075
0.124096
0.124116
0.124137
0.124158
0.124179
0.124200
0.124221
0.124242
0.124263
0.124284
0.124304
0.124325
0.124346
0.124367
0.124388
0.124409
0.124430
0.124451
0.124471
0.124492
0.124513
0.124534
0.124555
0.124576
0.124597
0.124618
0.124639
0.124659
0.124680
0.124701
0.124722
0.124743
0.124764
0.124785
0.124806
0.124826
0.124847
0.124868
0.124889
0.124910
0.124931
0.124952
0.124973
0.124994
0.125014
0.125035
0.125056
0.125077
0.125098
0.125119
0.125140
0.125161
0.125182
0.125202
0.125223
0.125244
