0.000000
0.000000
0.000000
0.000000
0.000000
0.000000
0.000000
0.000000
0.000000
0.000000
0.000000
0.000000
0.000000
0.000000
0.000001
0.000001
0.000001
0.000001
0.000001
0.000001
0.000001
0.000001
0.000001
0.000001
0.000002
0.000002
0.000002
0.000002
0.000002
0.000002
0.000002
0.000003
0.000003
0.000003
0.000003
0.000003
0.000003
0.000004
0.000004
0.000004
0.000004
0.000004
0.000005
0.000005
0.000005
0.000005
0.000005
0.000006
0.000006
0.000006
0.000006
0.000007
0.000007
0.000007
0.000008
0.000008
0.000008
0.000008
0.000009
0.000009
0.000009
0.000010
0.000010
0.000010
0.000010
0.000011
0.000011
0.000011
0.000012
0.000012
0.000013
0.000013
0.000013
0.000014
0.000014
0.000014
0.000015
0.000015
0.000015
0.000016
0.000016
0.000017
0.000017
0.000018
0.000018
0.000018
0.000019
0.000019
0.000020
0.000020
0.000021
0.000021
0.000021
0.000022
0.000022
0.000023
0.000023
0.000024
0.000024
0.000025
0.000025
0.000026
0.000026
0.000027
0.000027
0.000028
0.000028
0.000029
0.000029
0.000030
0.000031
0.000031
0.000032
0.000032
0.000033
0.000033
0.000034
0.000035
0.000035
0.000036
0.000036
0.000037
0.000038
0.000038
0.000039
0.000039
0.000040
0.000041
0.000041
0.000042
0.000043
0.000043
0.000044
0.000045
0.000045
0.000046
0.000047
0.000047
0.000048
0.000049
0.000049
0.000050
0.000051
0.000051
0.000052
0.000053
0.000054
0.000054
0.000055
0.000056
0.000057
0.000057
0.000058
0.000059
0.000060
0.000060
0.000061
0.000062
0.000063
0.000063
0.000064
0.000065
0.000066
0.000067
0.000067
0.000068
0.000069
0.000070
0.000071
0.000072
0.000072
0.000073
0.000074
0.000075
0.000076
0.000077
0.000078
0.000078
0.000079
0.000080
0.000081
0.000082
0.000083
0.000084
0.000085
0.000086
0.000087
0.000087
0.000088
0.000089
0.000090
0.000091
0.000092
0.000093
0.000094
0.000095
0.000096
0.000097
0.000098
0.000099
0.000100
0.000101
0.000102
0.000103
0.000104
0.000105
0.000106
0.000107
0.000108
0.000109
0.000110
0.000111
0.000112
0.000113
0.000114
0.000115
0.000116
0.000117
0.000118
0.000120
0.000121
0.000122
0.000123
0.000124
0.000125
0.000126
0.000127
0.000128
0.000129
0.000131
0.000132
0.000133
0.000134
0.000135
0.000136
0.000137
0.000139
0.000140
0.000141
0.000142
0.000143
0.000144
0.000146
0.000147
0.000148
0.000149
0.000150
0.000152
0.000153
0.000154
0.000155
0.000157
0.000158
0.000159
0.000160
0.000162
0.000163
0.000164
0.000165
0.000167
0.000168
0.000169
0.000170
0.000172
0.000173
0.000174
0.000176
0.000177
0.000178
0.000180
0.000181
0.000182
0.000184
0.000185
0.000186
0.000188
0.000189
0.000190
0.000192
0.000193
0.000194
0.000196
0.000197
0.000198
0.000200
0.000201
0.000203
0.000204
0.000205
0.000207
0.000208
0.000210
0.000211
0.000213
0.000214
0.000215
0.000217
0.000218
0.000220
0.000221
0.000223
0.000224
0.000226
0.000227
0.000229
0.000230
0.000232
0.000233
0.000235
0.000236
0.000238
0.000239
0.000241
0.000242
0.000244
0.000245
0.000247
0.000248
0.000250
0.000251
0.000253
0.000255
0.000256
0.000258
0.000259
0.000261
0.000262
0.000264
0.000266
0.000267
0.000269
0.000270
0.000272
0.000274
0.000275
0.000277
0.000279
0.000280
0.000282
0.000284
0.000285
0.000287
0.000288
0.000290
0.000292
0.000293
0.000295
0.000297
0.000299
0.000300
0.000302
0.000304
0.000305
0.000307
0.000309
0.000311
0.000312
0.000314
0.000316
0.000317
0.000319
0.000321
0.000323
0.000324
0.000326
0.000328
0.000330
0.000332
0.000333
0.000335
0.000337
0.000339
0.000341
0.000342
0.000344
0.000346
0.000348
0.000350
0.000351
0.000353
0.000355
0.000357
0.000359
0.000361
0.000362
0.000364
0.000366
0.000368
0.000370
0.000372
0.000374
0.000376
0.000378
0.000379
0.000381
0.000383
0.000385
0.000387
0.000389
0.000391
0.000393
0.000395
0.000397
0.000399
0.000401
0.000403
0.000405
0.000407
0.000408
0.000410
0.000412
0.000414
0.000416
0.000418
0.000420
0.000422
0.000424
0.000426
0.000428
0.000430
0.000432
0.000434
0.000437
0.000439
0.000441
0.000443
0.000445
0.000447
0.000449
0.000451
0.000453
0.000455
0.000457
0.000459
0.000461
0.000463
0.000465
0.000468
0.000470
0.000472
0.000474
0.000476
0.000478
0.000480
0.000482
0.000485
0.000487
0.000489
0.000491
0.000493
0.000495
0.000498
0.000500
0.000502
0.000504
0.000506
0.000508
0.000511
0.000513
0.000515
0.000517
0.000519
0.000522
0.000524
0.000526
0.000528
0.000531
0.000533
0.000535
0.000537
0.000540
0.000542
0.000544
0.000546
0.000549
0.000551
0.000553
0.000555
0.000558
0.000560
0.000562
0.000565
0.000567
0.000569
0.000572
0.000574
0.000576
0.000579
0.000581
0.000583
0.000586
0.000588
0.000590
0.000593
0.000595
0.000597
0.000600
0.000602
0.000604
0.000607
0.000609
0.000612
0.000614
0.000616
0.000619
0.000621
0.000624
0.000626
0.000629
0.000631
0.000633
0.000636
0.000638
0.000641
0.000643
0.000646
0.000648
0.000651
0.000653
0.000656
0.000658
0.000661
0.000663
0.000666
0.000668
0.000671
0.000673
0.000676
0.000678
0.000681
0.000683
0.000686
0.000688
0.000691
0.000693
0.000696
0.000698
0.000701
0.000703
0.000706
0.000709
0.000711
0.000714
0.000716
0.000719
0.000722
0.000724
0.000727
0.000729
0.000732
0.000735
0.000737
0.000740
0.000742
0.000745
0.000748
0.000750
0.000753
0.000756
0.000758
0.000761
0.000764
0.000766
0.000769
0.000772
0.000774
0.000777
0.000780
0.000782
0.000785
0.000788
0.000791
0.000793
0.000796
0.000799
0.000801
0.000804
0.000807
0.000810
0.000812
0.000815
0.000818
0.000821
0.000823
0.000826
0.000829
0.000832
0.000834
0.000837
0.000840
0.000843
0.000846
0.000848
0.000851
0.000854
0.000857
0.000860
0.000863
0.000865
0.000868
0.000871
0.000874
0.000877
0.000880
0.000882
0.000885
0.000888
0.000891
0.000894
0.000897
0.000900
0.000903
0.000905
0.000908
0.000911
0.000914
0.000917
0.000920
0.000923
0.000926
0.000929
0.000932
0.000935
0.000938
0.000941
0.000943
0.000946
0.000949
0.000952
0.000955
0.000958
0.000961
0.000964
0.000967
0.000970
0.000973
0.000976
0.000979
0.000982
0.000985
0.000988
0.000991
0.000994
0.000997
0.001000
0.001003
0.001006
0.001009
0.001013
0.001016
0.001019
0.001022
0.001025
0.001028
0.001031
0.001034
0.001037
0.001040
0.001043
0.001046
0.001049
0.001053
0.001056
0.001059
0.001062
0.001065
0.001068
0.001071
0.001074
0.001078
0.001081
0.001084
0.001087
0.001090
0.001093
0.001097
0.001100
0.001103
0.001106
0.001109
0.001112
0.001116
0.001119
0.001122
0.001125
0.001129
0.001132
0.001135
0.001138
0.001141
0.001145
0.001148
0.001151
0.001154
0.001158
0.001161
0.001164
0.001167
0.001171
0.001174
0.001177
0.001181
0.001184
0.001187
0.001190
0.001194
0.001197
0.001200
0.001204
0.001207
0.001210
0.001214
0.001217
0.001220
0.001224
0.001227
0.001230
0.001234
0.001237
0.001240
0.001244
0.001247
0.001250
0.001254
0.001257
0.001261
0.001264
0.001267
0.001271
0.001274
0.001278
0.001281
0.001284
0.001288
0.001291
0.001295
0.001298
0.001302
0.001305
0.001308
0.001312
0.001315
0.001319
0.001322
0.001326
0.001329
0.001333
0.001336
0.001340
0.001343
0.001347
0.001350
0.001354
0.001357
0.001361
0.001364
0.001368
0.001371
0.001375
0.001378
0.001382
0.001385
0.001389
0.001393
0.001396
0.001400
0.001403
0.001407
0.001410
0.001414
0.001417
0.001421
0.001425
0.001428
0.001432
0.001435
0.001439
0.001443
0.001446
0.001450
0.001454
0.001457
0.001461
0.001464
0.001468
0.001472
0.001475
0.001479
0.001483
0.001486
0.001490
0.001494
0.001497
0.001501
0.001505
0.001508
0.001512
0.001516
0.001519
0.001523
0.001527
0.001531
0.001534
0.001538
0.001542
0.001545
0.001549
0.001553
0.001557
0.001560
0.001564
0.001568
0.001572
0.001575
0.001579
0.001583
0.001587
0.001591
0.001594
0.001598
0.001602
0.001606
0.001610
0.001613
0.001617
0.001621
0.001625
0.001629
0.001632
0.001636
0.001640
0.001644
0.001648
0.001652
0.001656
0.001659
0.001663
0.001667
0.001671
0.001675
0.001679
0.001683
0.001686
0.001690
0.001694
0.001698
0.001702
0.001706
0.001710
0.001714
0.001718
0.001722
0.001726
0.001730
0.001733
0.001737
0.001741
0.001745
0.001749
0.001753
0.001757
0.001761
0.001765
0.001769
0.001773
0.001777
0.001781
0.001785
0.001789
0.001793
0.001797
0.001801
0.001805
0.001809
0.001813
0.001817
0.001821
0.001825
0.001829
0.001833
0.001837
0.001841
0.001845
0.001849
0.001854
0.001858
0.001862
0.001866
0.001870
0.001874
0.001878
0.001882
0.001886
0.001890
0.001894
0.001898
0.001903
0.001907
0.001911
0.001915
0.001919
0.001923
0.001927
0.001931
0.001936
0.001940
0.001944
0.001948
0.001952
0.001956
0.001961
0.001965
0.001969
0.001973
0.001977
0.001982
0.001986
0.001990
0.001994
0.001998
0.002003
0.002007
0.002011
0.002015
0.002019
0.002024
0.002028
0.002032
0.002036
0.002041
0.002045
0.002049
0.002053
0.002058
0.002062
0.002066
0.002071
0.002075
0.002079
0.002083
0.002088
0.002092
0.002096
0.002101
0.002105
0.002109
0.002114
0.002118
0.002122
0.002127
0.002131
0.002135
0.002140
0.002144
0.002148
0.002153
0.002157
0.002161
0.002166
0.002170
0.002174
0.002179
0.002183
0.002188
0.002192
0.002196
0.002201
0.002205
0.002210
0.002214
0.002218
0.002223
0.002227
0.002232
0.002236
0.002241
0.002245
0.002249
0.002254
0.002258
0.002263
0.002267
0.002272
0.002276
0.002281
0.002285
0.002290
0.002294
0.002299
0.002303
0.002308
0.002312
0.002317
0.002321
0.002326
0.002330
0.002335
0.002339
0.002344
0.002348
0.002353
0.002357
0.002362
0.002367
0.002371
0.002376
0.002380
0.002385
0.002389
0.002394
0.002399
0.002403
0.002408
0.002412
0.002417
0.002422
0.002426
0.002431
0.002435
0.002440
0.002445
0.002449
0.002454
0.002458
0.002463
0.002468
0.002472
0.002477
0.002482
0.002486
0.002491
0.002496
0.002500
0.002505
0.002510
0.002514
0.002519
0.002524
0.002528
0.002533
0.002538
0.002543
0.002547
0.002552
0.002557
0.002561
0.002566
0.002571
0.002576
0.002580
0.002585
0.002590
0.002595
0.002599
0.002604
0.002609
0.002614
0.002618
0.002623
0.002628
0.002633
0.002638
0.002642
0.002647
0.002652
0.002657
0.002662
0.002666
0.002671
0.002676
0.002681
0.002686
0.002691
0.002695
0.002700
0.002705
0.002710
0.002715
0.002720
0.002724
0.002729
0.002734
0.002739
0.002744
0.002749
0.002754
0.002759
0.002763
0.002768
0.002773
0.002778
0.002783
0.002788
0.002793
0.002798
0.002803
0.002808
0.002813
0.002818
0.002822
0.002827
0.002832
0.002837
0.002842
0.002847
0.002852
0.002857
0.002862
0.002867
0.002872
0.002877
0.002882
0.002887
0.002892
0.002897
0.002902
0.002907
0.002912
0.002917
0.002922
0.002927
0.002932
0.002937
0.002942
0.002947
0.002952
0.002957
0.002962
0.002967
0.002973
0.002978
0.002983
0.002988
0.002993
0.002998
0.003003
0.003008
0.003013
0.003018
0.003023
0.003028
0.003034
0.003039
0.003044
0.003049
0.003054
0.003059
0.003064
0.003069
0.003075
0.003080
0.003085
0.003090
0.003095
0.003100
0.003105
0.003111
0.003116
0.003121
0.003126
0.003131
0.003137
0.003142
0.003147
0.003152
0.003157
0.003162
0.003168
0.003173
0.003178
0.003183
0.003189
0.003194
0.003199
0.003204
0.003210
0.003215
0.003220
0.003225
0.003231
0.003236
0.003241
0.003246
0.003252
0.003257
0.003262
0.003267
0.003273
0.003278
0.003283
0.003289
0.003294
0.003299
0.003305
0.003310
0.003315
0.003320
0.003326
0.003331
0.003336
0.003342
0.003347
0.003352
0.003358
0.003363
0.003369
0.003374
0.003379
0.003385
0.003390
0.003395
0.003401
0.003406
0.003412
0.003417
0.003422
0.003428
0.003433
0.003439
0.003444
0.003449
0.003455
0.003460
0.003466
0.003471
0.003476
0.003482
0.003487
0.003493
0.003498
0.003504
0.003509
0.003515
0.003520
0.003526
0.003531
0.003537
0.003542
0.003547
0.003553
0.003558
0.003564
0.003569
0.003575
0.003580
0.003586
0.003592
0.003597
0.003603
0.003608
0.003614
0.003619
0.003625
0.003630
0.003636
0.003641
0.003647
0.003652
0.003658
0.003664
0.003669
0.003675
0.003680
0.003686
0.003691
0.003697
0.003703
0.003708
0.003714
0.003719
0.003725
0.003731
0.003736
0.003742
0.003748
0.003753
0.003759
0.003764
0.003770
0.003776
0.003781
0.003787
0.003793
0.003798
0.003804
0.003810
0.003815
0.003821
0.003827
0.003832
0.003838
0.003844
0.003849
0.003855
0.003861
0.003866
0.003872
0.003878
0.003884
0.003889
0.003895
0.003901
0.003907
0.003912
0.003918
0.003924
0.003929
0.003935
0.003941
0.003947
0.003952
0.003958
0.003964
0.003970
0.003976
0.003981
0.003987
0.003993
0.003999
0.004005
0.004010
0.004016
0.004022
0.004028
0.004034
0.004039
0.004045
0.004051
0.004057
0.004063
0.004069
0.004074
0.004080
0.004086
0.004092
0.004098
0.004104
0.004109
0.004115
0.004121
0.004127
0.004133
0.004139
0.004145
0.004151
0.004157
0.004162
0.004168
0.004174
0.004180
0.004186
0.004192
0.004198
0.004204
0.004210
0.004216
0.004222
0.004228
0.004233
0.004239
0.004245
0.004251
0.004257
0.004263
0.004269
0.004275
0.004281
0.004287
0.004293
0.004299
0.004305
0.004311
0.004317
0.004323
0.004329
0.004335
0.004341
0.004347
0.004353
0.004359
0.004365
0.004371
0.004377
0.004383
0.004389
0.004395
0.004401
0.004407
0.004413
0.004420
0.004426
0.004432
0.004438
0.004444
0.004450
0.004456
0.004462
0.004468
0.004474
0.004480
0.004486
0.004493
0.004499
0.004505
0.004511
0.004517
0.004523
0.004529
0.004535
0.004541
0.004548
0.004554
0.004560
0.004566
0.004572
0.004578
0.004584
0.004591
0.004597
0.004603
0.004609
0.004615
0.004622
0.004628
0.004634
0.004640
0.004646
0.004652
0.004659
0.004665
0.004671
0.004677
0.004684
0.004690
0.004696
0.004702
0.004708
0.004715
0.004721
0.004727
0.004733
0.004740
0.004746
0.004752
0.004758
0.004765
0.004771
0.004777
0.004784
0.004790
0.004796
0.004802
0.004809
0.004815
0.004821
0.004828
0.004834
0.004840
0.004846
0.004853
0.004859
0.004865
0.004872
0.004878
0.004884
0.004891
0.004897
0.004903
0.004910
0.004916
0.004923
0.004929
0.004935
0.004942
0.004948
0.004954
0.004961
0.004967
0.004973
0.004980
0.004986
0.004993
0.004999
0.005005
0.005012
0.005018
0.005025
0.005031
0.005038
0.005044
0.005050
0.005057
0.005063
0.005070
0.005076
0.005083
0.005089
0.005096
0.005102
0.005108
0.005115
0.005121
0.005128
0.005134
0.005141
0.005147
0.005154
0.005160
0.005167
0.005173
0.005180
0.005186
0.005193
0.005199
0.005206
0.005212
0.005219
0.005225
0.005232
0.005238
0.005245
0.005252
0.005258
0.005265
0.005271
0.005278
0.005284
0.005291
0.005297
0.005304
0.005311
0.005317
0.005324
0.005330
0.005337
0.005344
0.005350
0.005357
0.005363
0.005370
0.005377
0.005383
0.005390
0.005396
0.005403
0.005410
0.005416
0.005423
0.005430
0.005436
0.005443
0.005450
0.005456
0.005463
0.005469
0.005476
0.005483
0.005489
0.005496
0.005503
0.005510
0.005516
0.005523
0.005530
0.005536
0.005543
0.005550
0.005556
0.005563
0.005570
0.005577
0.005583
0.005590
0.005597
0.005603
0.005610
0.005617
0.005624
0.005630
0.005637
0.005644
0.005651
0.005657
0.005664
0.005671
0.005678
0.005685
0.005691
0.005698
0.005705
0.005712
0.005718
0.005725
0.005732
0.005739
0.005746
0.005752
0.005759
0.005766
0.005773
0.005780
0.005787
0.005793
0.005800
0.005807
0.005814
0.005821
0.005828
0.005834
0.005841
0.005848
0.005855
0.005862
0.005869
0.005876
0.005883
0.005889
0.005896
0.005903
0.005910
0.005917
0.005924
0.005931
0.005938
0.005945
0.005952
0.005958
0.005965
0.005972
0.005979
0.005986
0.005993
0.006000
0.006007
0.006014
0.006021
0.006028
0.006035
0.006042
0.006049
0.006056
0.006063
0.006070
0.006077
0.006084
0.006091
0.006098
0.006105
0.006112
0.006119
0.006126
0.006133
0.006140
0.006147
0.006154
0.006161
0.006168
0.006175
0.006182
0.006189
0.006196
0.006203
0.006210
0.006217
0.006224
0.006231
0.006238
0.006245
0.006252
0.006259
0.006266
0.006273
0.006280
0.006288
0.006295
0.006302
0.006309
0.006316
0.006323
0.006330
0.006337
0.006344
0.006351
0.006359
0.006366
0.006373
0.006380
0.006387
0.006394
0.006401
0.006408
0.006416
0.006423
0.006430
0.006437
0.006444
0.006451
0.006459
0.006466
0.006473
0.006480
0.006487
0.006494
0.006502
0.006509
0.006516
0.006523
0.006530
0.006538
0.006545
0.006552
0.006559
0.006566
0.006574
0.006581
0.006588
0.006595
0.006603
0.006610
0.006617
0.006624
0.006632
0.006639
0.006646
0.006653
0.006661
0.006668
0.006675
0.006682
0.006690
0.006697
0.006704
0.006712
0.006719
0.006726
0.006733
0.006741
0.006748
0.006755
0.006763
0.006770
0.006777
0.006785
0.006792
0.006799
0.006807
0.006814
0.006821
0.006829
0.006836
0.006843
0.006851
0.006858
0.006865
0.006873
0.006880
0.006887
0.006895
0.006902
0.006910
0.006917
0.006924
0.006932
0.006939
0.006947
0.006954
0.006961
0.006969
0.006976
0.006984
0.006991
0.006998
0.007006
0.007013
0.007021
0.007028
0.007036
0.007043
0.007050
0.007058
0.007065
0.007073
0.007080
0.007088
0.007095
0.007103
0.007110
0.007118
0.007125
0.007133
0.007140
0.007148
0.007155
0.007163
0.007170
0.007178
0.007185
0.007193
0.007200
0.007208
0.007215
0.007223
0.007230
0.007238
0.007245
0.007253
0.007260
0.007268
0.007275
0.007283
0.007290
0.007298
0.007306
0.007313
0.007321
0.007328
0.007336
0.007343
0.007351
0.007359
0.007366
0.007374
0.007381
0.007389
0.007397
0.007404
0.007412
0.007419
0.007427
0.007435
0.007442
0.007450
0.007457
0.007465
0.007473
0.007480
0.007488
0.007496
0.007503
0.007511
0.007519
0.007526
0.007534
0.007542
0.007549
0.007557
0.007565
0.007572
0.007580
0.007588
0.007595
0.007603
0.007611
0.007618
0.007626
0.007634
0.007641
0.007649
0.007657
0.007665
0.007672
0.007680
0.007688
0.007696
0.007703
0.007711
0.007719
0.007726
0.007734
0.007742
0.007750
0.007757
0.007765
0.007773
0.007781
0.007789
0.007796
0.007804
0.007812
0.007820
0.007827
0.007835
0.007843
0.007851
0.007859
0.007866
0.007874
0.007882
0.007890
0.007898
0.007905
0.007913
0.007921
0.007929
0.007937
0.007945
0.007952
0.007960
0.007968
0.007976
0.007984
0.007992
0.008000
0.008007
0.008015
0.008023
0.008031
0.008039
0.008047
0.008055
0.008063
0.008070
0.008078
0.008086
0.008094
0.008102
0.008110
0.008118
0.008126
0.008134
0.008142
0.008150
0.008157
0.008165
0.008173
0.008181
0.008189
0.008197
0.008205
0.008213
0.008221
0.008229
0.008237
0.008245
0.008253
0.008261
0.008269
0.008277
0.008285
0.008293
0.008301
0.008309
0.008317
0.008325
0.008333
0.008341
0.008349
0.008357
0.008365
0.008373
0.008381
0.008389
0.008397
0.008405
0.008413
0.008421
0.008429
0.008437
0.008445
0.008453
0.008461
0.008469
0.008477
0.008485
0.008493
0.008501
0.008509
0.008517
0.008526
0.008534
0.008542
0.008550
0.008558
0.008566
0.008574
0.008582
0.008590
0.008598
0.008606
0.008615
0.008623
0.008631
0.008639
0.008647
0.008655
0.008663
0.008671
0.008680
0.008688
0.008696
0.008704
0.008712
0.008720
0.008728
0.008737
0.008745
0.008753
0.008761
0.008769
0.008777
0.008786
0.008794
0.008802
0.008810
0.008818
0.008827
0.008835
0.008843
0.008851
0.008859
0.008868
0.008876
0.008884
0.008892
0.008900
0.008909
0.008917
0.008925
0.008933
0.008942
0.008950
0.008958
0.008966
0.008975
0.008983
0.008991
0.008999
0.009008
0.009016
0.009024
0.009032
0.009041
0.009049
0.009057
0.009066
0.009074
0.009082
0.009090
0.009099
0.009107
0.009115
0.009124
0.009132
0.009140
0.009149
0.009157
0.009165
0.009174
0.009182
0.009190
0.009199
0.009207
0.009215
0.009224
0.009232
0.009240
0.009249
0.009257
0.009265
0.009274
0.009282
0.009291
0.009299
0.009307
0.009316
0.009324
0.009332
0.009341
0.009349
0.009358
0.009366
0.009374
0.009383
0.009391
0.009400
0.009408
0.009417
0.009425
0.009433
0.009442
0.009450
0.009459
0.009467
0.009476
0.009484
0.009492
0.009501
0.009509
0.009518
0.009526
0.009535
0.009543
0.009552
0.009560
0.009569
0.009577
0.009586
0.009594
0.009603
0.009611
0.009620
0.009628
0.009637
0.009645
0.009654
0.009662
0.009671
0.009679
0.009688
0.009696
0.009705
0.009713
0.009722
0.009730
0.009739
0.009747
0.009756
0.009765
0.009773
0.009782
0.009790
0.009799
0.009807
0.009816
0.009824
0.009833
0.009842
0.009850
0.009859
0.009867
0.009876
0.009885
0.009893
0.009902
0.009910
0.009919
0.009928
0.009936
0.009945
0.009953
0.009962
0.009971
0.009979
0.009988
0.009997
0.010005
0.010014
0.010022
0.010031
0.010040
0.010048
0.010057
0.010066
0.010074
0.010083
0.010092
0.010100
0.010109
0.010118
0.010126
0.010135
0.010144
0.010152
0.010161
0.010170
0.010179
0.010187
0.010196
0.010205
0.010213
0.010222
0.010231
0.010240
0.010248
0.010257
0.010266
0.010274
0.010283
0.010292
0.010301
0.010309
0.010318
0.010327
0.010336
0.010344
0.010353
0.010362
0.010371
0.010379
0.010388
0.010397
0.010406
0.010415
0.010423
0.010432
0.010441
0.010450
0.010459
0.010467
0.010476
0.010485
0.010494
0.010503
0.010511
0.010520
0.010529
0.010538
0.010547
0.010556
0.010564
0.010573
0.010582
0.010591
0.010600
0.010609
0.010617
0.010626
0.010635
0.010644
0.010653
0.010662
0.010671
0.010679
0.010688
0.010697
0.010706
0.010715
0.010724
0.010733
0.010742
0.010751
0.010759
0.010768
0.010777
0.010786
0.010795
0.010804
0.010813
0.010822
0.010831
0.010840
0.010849
0.010858
0.010867
0.010875
0.010884
0.010893
0.010902
0.010911
0.010920
0.010929
0.010938
0.010947
0.010956
0.010965
0.010974
0.010983
0.010992
0.011001
0.011010
0.011019
0.011028
0.011037
0.011046
0.011055
0.011064
0.011073
0.011082
0.011091
0.011100
0.011109
0.011118
0.011127
0.011136
0.011145
0.011154
0.011163
0.011172
0.011181
0.011190
0.011199
0.011208
0.011217
0.011226
0.011236
0.011245
0.011254
0.011263
0.011272
0.011281
0.011290
0.011299
0.011308
0.011317
0.011326
0.011335
0.011345
0.011354
0.011363
0.011372
0.011381
0.011390
0.011399
0.011408
0.011417
0.011427
0.011436
0.011445
0.011454
0.011463
0.011472
0.011481
0.011490
0.011500
0.011509
0.011518
0.011527
0.011536
0.011545
0.011555
0.011564
0.011573
0.011582
0.011591
0.011600
0.011610
0.011619
0.011628
0.011637
0.011646
0.011656
0.011665
0.011674
0.011683
0.011692
0.011702
0.011711
0.011720
0.011729
0.011738
0.011748
0.011757
0.011766
0.011775
0.011785
0.011794
0.011803
0.011812
0.011822
0.011831
0.011840
0.011849
0.011859
0.011868
0.011877
0.011886
0.011896
0.011905
0.011914
0.011924
0.011933
0.011942
0.011951
0.011961
0.011970
0.011979
0.011989
0.011998
0.012007
0.012017
0.012026
0.012035
0.012045
0.012054
0.012063
0.012073
0.012082
0.012091
0.012101
0.012110
0.012119
0.012129
0.012138
0.012147
0.012157
0.012166
0.012175
0.012185
0.012194
0.012203
0.012213
0.012222
0.012232
0.012241
0.012250
0.012260
0.012269
0.012279
0.012288
0.012297
0.012307
0.012316
0.012326
0.012335
0.012344
0.012354
0.012363
0.012373
0.012382
0.012391
0.012401
0.012410
0.012420
0.012429
0.012439
0.012448
0.012458
0.012467
0.012476
0.012486
0.012495
0.012505
0.012514
0.012524
0.012533
0.012543
0.012552
0.012562
0.012571
0.012581
0.012590
0.012600
0.012609
0.012619
0.012628
0.012638
0.012647
0.012657
0.012666
0.012676
0.012685
0.012695
0.012704
0.012714
0.012723
0.012733
0.012742
0.012752
0.012761
0.012771
0.012781
0.012790
0.012800
0.012809
0.012819
0.012828
0.012838
0.012847
0.012857
0.012867
0.012876
0.012886
0.012895
0.012905
0.012915
0.012924
0.012934
0.012943
0.012953
0.012963
0.012972
0.012982
0.012991
0.013001
0.013011
0.013020
0.013030
0.013039
0.013049
0.013059
0.013068
0.013078
0.013088
0.013097
0.013107
0.013117
0.013126
0.013136
0.013145
0.013155
0.013165
0.013174
0.013184
0.013194
0.013203
0.013213
0.013223
0.013233
0.013242
0.013252
0.013262
0.013271
0.013281
0.013291
0.013300
0.013310
0.013320
0.013329
0.013339
0.013349
0.013359
0.013368
0.013378
0.013388
0.013398
0.013407
0.013417
0.013427
0.013436
0.013446
0.013456
0.013466
0.013475
0.013485
0.013495
0.013505
0.013515
0.013524
0.013534
0.013544
0.013554
0.013563
0.013573
0.013583
0.013593
0.013603
0.013612
0.013622
0.013632
0.013642
0.013651
0.013661
0.013671
0.013681
0.013691
0.013701
0.013710
0.013720
0.013730
0.013740
0.013750
0.013760
0.013769
0.013779
0.013789
0.013799
0.013809
0.013819
0.013828
0.013838
0.013848
0.013858
0.013868
0.013878
0.013888
0.013897
0.013907
0.013917
0.013927
0.013937
0.013947
0.013957
0.013967
0.013977
0.013986
0.013996
0.014006
0.014016
0.014026
0.014036
0.014046
0.014056
0.014066
0.014076
0.014086
0.014095
0.014105
0.014115
0.014125
0.014135
0.014145
0.014155
0.014165
0.014175
0.014185
0.014195
0.014205
0.014215
0.014225
0.014235
0.014245
0.014255
0.014265
0.014275
0.014285
0.014295
0.014305
0.014315
0.014325
0.014335
0.014345
0.014355
0.014365
0.014375
0.014385
0.014395
0.014405
0.014415
0.014425
0.014435
0.014445
0.014455
0.014465
0.014475
0.014485
0.014495
0.014505
0.014515
0.014525
0.014535
0.014545
0.014555
0.014565
0.014575
0.014585
0.014595
0.014605
0.014616
0.014626
0.014636
0.014646
0.014656
0.014666
0.014676
0.014686
0.014696
0.014706
0.014716
0.014726
0.014737
0.014747
0.014757
0.014767
0.014777
0.014787
0.014797
0.014807
0.014818
0.014828
0.014838
0.014848
0.014858
0.014868
0.014878
0.014888
0.014899
0.014909
0.014919
0.014929
0.014939
0.014949
0.014960
0.014970
0.014980
0.014990
0.015000
0.015010
0.015021
0.015031
0.015041
0.015051
0.015061
0.015072
0.015082
0.015092
0.015102
0.015112
0.015123
0.015133
0.015143
0.015153
0.015163
0.015174
0.015184
0.015194
0.015204
0.015215
0.015225
0.015235
0.015245
0.015255
0.015266
0.015276
0.015286
0.015296
0.015307
0.015317
0.015327
0.015337
0.015348
0.015358
0.015368
0.015379
0.015389
0.015399
0.015409
0.015420
0.015430
0.015440
0.015451
0.015461
0.015471
0.015481
0.015492
0.015502
0.015512
0.015523
0.015533
0.015543
0.015554
0.015564
0.015574
0.015585
0.015595
0.015605
0.015616
0.015626
0.015636
0.015647
0.015657
0.015667
0.015678
0.015688
0.015698
0.015709
0.015719
0.015729
0.015740
0.015750
0.015761
0.015771
0.015781
0.015792
0.015802
0.015812
0.015823
0.015833
0.015844
0.015854
0.015864
0.015875
0.015885
0.015896
0.015906
0.015916
0.015927
0.015937
0.015948
0.015958
0.015969
0.015979
0.015989
0.016000
0.016010
0.016021
0.016031
0.016042
0.016052
0.016062
0.016073
0.016083
0.016094
0.016104
0.016115
0.016125
0.016136
0.016146
0.016157
0.016167
0.016178
0.016188
0.016199
0.016209
0.016220
0.016230
0.016240
0.016251
0.016261
0.016272
0.016282
0.016293
0.016303
0.016314
0.016325
0.016335
0.016346
0.016356
0.016367
0.016377
0.016388
0.016398
0.016409
0.016419
0.016430
0.016440
0.016451
0.016461
0.016472
0.016483
0.016493
0.016504
0.016514
0.016525
0.016535
0.016546
0.016556
0.016567
0.016578
0.016588
0.016599
0.016609
0.016620
0.016631
0.016641
0.016652
0.016662
0.016673
0.016684
0.016694
0.016705
0.016715
0.016726
0.016737
0.016747
0.016758
0.016768
0.016779
0.016790
0.016800
0.016811
0.016822
0.016832
0.016843
0.016854
0.016864
0.016875
0.016885
0.016896
0.016907
0.016917
0.016928
0.016939
0.016949
0.016960
0.016971
0.016981
0.016992
0.017003
0.017013
0.017024
0.017035
0.017046
0.017056
0.017067
0.017078
0.017088
0.017099
0.017110
0.017120
0.017131
0.017142
0.017153
0.017163
0.017174
0.017185
0.017195
0.017206
0.017217
0.017228
0.017238
0.017249
0.017260
0.017271
0.017281
0.017292
0.017303
0.017314
0.017324
0.017335
0.017346
0.017357
0.017367
0.017378
0.017389
0.017400
0.017410
0.017421
0.017432
0.017443
0.017454
0.017464
0.017475
0.017486
0.017497
0.017508
0.017518
0.017529
0.017540
0.017551
0.017562
0.017572
0.017583
0.017594
0.017605
0.017616
0.017627
0.017637
0.017648
0.017659
0.017670
0.017681
0.017692
0.017702
0.017713
0.017724
0.017735
0.017746
0.017757
0.017767
0.017778
0.017789
0.017800
0.017811
0.017822
0.017833
0.017844
0.017854
0.017865
0.017876
0.017887
0.017898
0.017909
0.017920
0.017931
0.017942
0.017952
0.017963
0.017974
0.017985
0.017996
0.018007
0.018018
0.018029
0.018040
0.018051
0.018062
0.018073
0.018083
0.018094
0.018105
0.018116
0.018127
0.018138
0.018149
0.018160
0.018171
0.018182
0.018193
0.018204
0.018215
0.018226
0.018237
0.018248
0.018259
0.018270
0.018281
0.018292
0.018303
0.018314
0.018325
0.018336
0.018347
0.018358
0.018369
0.018380
0.018391
0.018402
0.018413
0.018424
0.018435
0.018446
0.018457
0.018468
0.018479
0.018490
0.018501
0.018512
0.018523
0.018534
0.018545
0.018556
0.018567
0.018578
0.018589
0.018600
0.018611
0.018622
0.018633
0.018644
0.018655
0.018666
0.018677
0.018689
0.018700
0.018711
0.018722
0.018733
0.018744
0.018755
0.018766
0.018777
0.018788
0.018799
0.018810
0.018822
0.018833
0.018844
0.018855
0.018866
0.018877
0.018888
0.018899
0.018910
0.018921
0.018933
0.018944
0.018955
0.018966
0.018977
0.018988
0.018999
0.019011
0.019022
0.019033
0.019044
0.019055
0.019066
0.019077
0.019089
0.019100
0.019111
0.019122
0.019133
0.019144
0.019156
0.019167
0.019178
0.019189
0.019200
0.019211
0.019223
0.019234
0.019245
0.019256
0.019267
0.019279
0.019290
0.019301
0.019312
0.019323
0.019335
0.019346
0.019357
0.019368
0.019379
0.019391
0.019402
0.019413
0.019424
0.019436
0.019447
0.019458
0.019469
0.019481
0.019492
0.019503
0.019514
0.019525
0.019537
0.019548
0.019559
0.019571
0.019582
0.019593
0.019604
0.019616
0.019627
0.019638
0.019649
0.019661
0.019672
0.019683
0.019695
0.019706
0.019717
0.019728
0.019740
0.019751
0.019762
0.019774
0.019785
0.019796
0.019808
0.019819
0.019830
0.019841
0.019853
0.019864
0.019875
0.019887
0.019898
0.019909
0.019921
0.019932
0.019943
0.019955
0.019966
0.019977
0.019989
0.020000
0.020011
0.020023
0.020034
0.020046
0.020057
0.020068
0.020080
0.020091
0.020102
0.020114
0.020125
0.020136
0.020148
0.020159
0.020171
0.020182
0.020193
0.020205
0.020216
0.020228
0.020239
0.020250
0.020262
0.020273
0.020285
0.020296
0.020307
0.020319
0.020330
0.020342
0.020353
0.020365
0.020376
0.020387
0.020399
0.020410
0.020422
0.020433
0.020445
0.020456
0.020467
0.020479
0.020490
0.020502
0.020513
0.020525
0.020536
0.020548
0.020559
0.020571
0.020582
0.020594
0.020605
0.020616
0.020628
0.020639
0.020651
0.020662
0.020674
0.020685
0.020697
0.020708
0.020720
0.020731
0.020743
0.020754
0.020766
0.020777
0.020789
0.020800
0.020812
0.020823
0.020835
0.020847
0.020858
0.020870
0.020881
0.020893
0.020904
0.020916
0.020927
0.020939
0.020950
0.020962
0.020973
0.020985
0.020997
0.021008
0.021020
0.021031
0.021043
0.021054
0.021066
0.021077
0.021089
0.021101
0.021112
0.021124
0.021135
0.021147
0.021158
0.021170
0.021182
0.021193
0.021205
0.021216
0.021228
0.021240
0.021251
0.021263
0.021274
0.021286
0.021298
0.021309
0.021321
0.021333
0.021344
0.021356
0.021367
0.021379
0.021391
0.021402
0.021414
0.021426
0.021437
0.021449
0.021461
0.021472
0.021484
0.021495
0.021507
0.021519
0.021530
0.021542
0.021554
0.021565
0.021577
0.021589
0.021600
0.021612
0.021624
0.021635
0.021647
0.021659
0.021671
0.021682
0.021694
0.021706
0.021717
0.021729
0.021741
0.021752
0.021764
0.021776
0.021787
0.021799
0.021811
0.021823
0.021834
0.021846
0.021858
0.021870
0.021881
0.021893
0.021905
0.021916
0.021928
0.021940
0.021952
0.021963
0.021975
0.021987
0.021999
0.022010
0.022022
0.022034
0.022046
0.022057
0.022069
0.022081
0.022093
0.022104
0.022116
0.022128
0.022140
0.022152
0.022163
0.022175
0.022187
0.022199
0.022211
0.022222
0.022234
0.022246
0.022258
0.022269
0.022281
0.022293
0.022305
0.022317
0.022329
0.022340
0.022352
0.022364
0.022376
0.022388
0.022399
0.022411
0.022423
0.022435
0.022447
0.022459
0.022470
0.022482
0.022494
0.022506
0.022518
0.022530
0.022542
0.022553
0.022565
0.022577
0.022589
0.022601
0.022613
0.022625
0.022636
0.022648
0.022660
0.022672
0.022684
0.022696
0.022708
0.022720
0.022731
0.022743
0.022755
0.022767
0.022779
0.022791
0.022803
0.022815
0.022827
0.022839
0.022850
0.022862
0.022874
0.022886
0.022898
0.022910
0.022922
0.022934
0.022946
0.022958
0.022970
0.022982
0.022994
0.023005
0.023017
0.023029
0.023041
0.023053
0.023065
0.023077
0.023089
0.023101
0.023113
0.023125
0.023137
0.023149
0.023161
0.023173
0.023185
0.023197
0.023209
0.023221
0.023233
0.023245
0.023257
0.023269
0.023281
0.023293
0.023305
0.023317
0.023329
0.023341
0.023353
0.023365
0.023377
0.023389
0.023401
0.023413
0.023425
0.023437
0.023449
0.023461
0.023473
0.023485
0.023497
0.023509
0.023521
0.023533
0.023545
0.023557
0.023569
0.023581
0.023593
0.023605
0.023617
0.023629
0.023641
0.023653
0.023665
0.023678
0.023690
0.023702
0.023714
0.023726
0.023738
0.023750
0.023762
0.023774
0.023786
0.023798
0.023810
0.023822
0.023834
0.023847
0.023859
0.023871
0.023883
0.023895
0.023907
0.023919
0.023931
0.023943
0.023955
0.023968
0.023980
0.023992
0.024004
0.024016
0.024028
0.024040
0.024052
0.024065
0.024077
0.024089
0.024101
0.024113
0.024125
0.024137
0.024150
0.024162
0.024174
0.024186
0.024198
0.024210
0.024222
0.024235
0.024247
0.024259
0.024271
0.024283
0.024295
0.024308
0.024320
0.024332
0.024344
0.024356
0.024368
0.024381
0.024393
0.024405
0.024417
0.024429
0.024442
0.024454
0.024466
0.024478
0.024490
0.024503
0.024515
0.024527
0.024539
0.024551
0.024564
0.024576
0.024588
0.024600
0.024613
0.024625
0.024637
0.024649
0.024661
0.024674
0.024686
0.024698
0.024710
0.024723
0.024735
0.024747
0.024759
0.024772
0.024784
0.024796
0.024808
0.024821
0.024833
0.024845
0.024857
0.024870
0.024882
0.024894
0.024907
0.024919
0.024931
0.024943
0.024956
0.024968
0.024980
0.024993
0.025005
0.025017
0.025029
0.025042
0.025054
0.025066
0.025079
0.025091
0.025103
0.025116
0.025128
0.025140
0.025153
0.025165
0.025177
0.025189
0.025202
0.025214
0.025226
0.025239
0.025251
0.025263
0.025276
0.025288
0.025300
0.025313
0.025325
0.025338
0.025350
0.025362
0.025375
0.025387
0.025399
0.025412
0.025424
0.025436
0.025449
0.025461
0.025473
0.025486
0.025498
0.025511
0.025523
0.025535
0.025548
0.025560
0.025573
0.025585
0.025597
0.025610
0.025622
0.025634
0.025647
0.025659
0.025672
0.025684
0.025696
0.025709
0.025721
0.025734
0.025746
0.025759
0.025771
0.025783
0.025796
0.025808
0.025821
0.025833
0.025846
0.025858
0.025870
0.025883
0.025895
0.025908
0.025920
0.025933
0.025945
0.025958
0.025970
0.025982
0.025995
0.026007
0.026020
0.026032
0.026045
0.026057
0.026070
0.026082
0.026095
0.026107
0.026120
0.026132
0.026145
0.026157
0.026169
0.026182
0.026194
0.026207
0.026219
0.026232
0.026244
0.026257
0.026269
0.026282
0.026294
0.026307
0.026319
0.026332
0.026345
0.026357
0.026370
0.026382
0.026395
0.026407
0.026420
0.026432
0.026445
0.026457
0.026470
0.026482
0.026495
0.026507
0.026520
0.026532
0.026545
0.026558
0.026570
0.026583
0.026595
0.026608
0.026620
0.026633
0.026645
0.026658
0.026671
0.026683
0.026696
0.026708
0.026721
0.026733
0.026746
0.026759
0.026771
0.026784
0.026796
0.026809
0.026821
0.026834
0.026847
0.026859
0.026872
0.026884
0.026897
0.026910
0.026922
0.026935
0.026948
0.026960
0.026973
0.026985
0.026998
0.027011
0.027023
0.027036
0.027048
0.027061
0.027074
0.027086
0.027099
0.027112
0.027124
0.027137
0.027150
0.027162
0.027175
0.027187
0.027200
0.027213
0.027225
0.027238
0.027251
0.027263
0.027276
0.027289
0.027301
0.027314
0.027327
0.027339
0.027352
0.027365
0.027377
0.027390
0.027403
0.027415
0.027428
0.027441
0.027454
0.027466
0.027479
0.027492
0.027504
0.027517
0.027530
0.027542
0.027555
0.027568
0.027580
0.027593
0.027606
0.027619
0.027631
0.027644
0.027657
0.027670
0.027682
0.027695
0.027708
0.027720
0.027733
0.027746
0.027759
0.027771
0.027784
0.027797
0.027810
0.027822
0.027835
0.027848
0.027861
0.027873
0.027886
0.027899
0.027912
0.027924
0.027937
0.027950
0.027963
0.027975
0.027988
0.028001
0.028014
0.028027
0.028039
0.028052
0.028065
0.028078
0.028090
0.028103
0.028116
0.028129
0.028142
0.028154
0.028167
0.028180
0.028193
0.028206
0.028218
0.028231
0.028244
0.028257
0.028270
0.028282
0.028295
0.028308
0.028321
0.028334
0.028347
0.028359
0.028372
0.028385
0.028398
0.028411
0.028424
0.028436
0.028449
0.028462
0.028475
0.028488
0.028501
0.028513
0.028526
0.028539
0.028552
0.028565
0.028578
0.028591
0.028603
0.028616
0.028629
0.028642
0.028655
0.028668
0.028681
0.028694
0.028706
0.028719
0.028732
0.028745
0.028758
0.028771
0.028784
0.028797
0.028809
0.028822
0.028835
0.028848
0.028861
0.028874
0.028887
0.028900
0.028913
0.028926
0.028939
0.028951
0.028964
0.028977
0.028990
0.029003
0.029016
0.029029
0.029042
0.029055
0.029068
0.029081
0.029094
0.029107
0.029120
0.029132
0.029145
0.029158
0.029171
0.029184
0.029197
0.029210
0.029223
0.029236
0.029249
0.029262
0.029275
0.029288
0.029301
0.029314
0.029327
0.029340
0.029353
0.029366
0.029379
0.029392
0.029405
0.029418
0.029431
0.029444
0.029457
0.029470
0.029483
0.029496
0.029509
0.029522
0.029535
0.029548
0.029561
0.029574
0.029587
0.029600
0.029613
0.029626
0.029639
0.029652
0.029665
0.029678
0.029691
0.029704
0.029717
0.029730
0.029743
0.029756
0.029769
0.029782
0.029795
0.029808
0.029821
0.029834
0.029847
0.029860
0.029873
0.029886
0.029899
0.029912
0.029925
0.029938
0.029951
0.029965
0.029978
0.029991
0.030004
0.030017
0.030030
0.030043
0.030056
0.030069
0.030082
0.030095
0.030108
0.030121
0.030134
0.030148
0.030161
0.030174
0.030187
0.030200
0.030213
0.030226
0.030239
0.030252
0.030265
0.030278
0.030292
0.030305
0.030318
0.030331
0.030344
0.030357
0.030370
0.030383
0.030397
0.030410
0.030423
0.030436
0.030449
0.030462
0.030475
0.030488
0.030502
0.030515
0.030528
0.030541
0.030554
0.030567
0.030580
0.030594
0.030607
0.030620
0.030633
0.030646
0.030659
0.030672
0.030686
0.030699
0.030712
0.030725
0.030738
0.030751
0.030765
0.030778
0.030791
0.030804
0.030817
0.030830
0.030844
0.030857
0.030870
0.030883
0.030896
0.030910
0.030923
0.030936
0.030949
0.030962
0.030976
0.030989
0.031002
0.031015
0.031028
0.031042
0.031055
0.031068
0.031081
0.031094
0.031108
0.031121
0.031134
0.031147
0.031161
0.031174
0.031187
0.031200
0.031213
0.031227
0.031240
0.031253
0.031266
0.031280
0.031293
0.031306
0.031319
0.031333
0.031346
0.031359
0.031372
0.031386
0.031399
0.031412
0.031425
0.031439
0.031452
0.031465
0.031479
0.031492
0.031505
0.031518
0.031532
0.031545
0.031558
0.031571
0.031585
0.031598
0.031611
0.031625
0.031638
0.031651
0.031664
0.031678
0.031691
0.031704
0.031718
0.031731
0.031744
0.031758
0.031771
0.031784
0.031797
0.031811
0.031824
0.031837
0.031851
0.031864
0.031877
0.031891
0.031904
0.031917
0.031931
0.031944
0.031957
0.031971
0.031984
0.031997
0.032011
0.032024
0.032037
0.032051
0.032064
0.032077
0.032091
0.032104
0.032117
0.032131
0.032144
0.032157
0.032171
0.032184
0.032198
0.032211
0.032224
0.032238
0.032251
0.032264
0.032278
0.032291
0.032305
0.032318
0.032331
0.032345
0.032358
0.032371
0.032385
0.032398
0.032412
0.032425
0.032438
0.032452
0.032465
0.032479
0.032492
0.032505
0.032519
0.032532
0.032546
0.032559
0.032572
0.032586
0.032599
0.032613
0.032626
0.032640
0.032653
0.032666
0.032680
0.032693
0.032707
0.032720
0.032733
0.032747
0.032760
0.032774
0.032787
0.032801
0.032814
0.032828
0.032841
0.032854
0.032868
0.032881
0.032895
0.032908
0.032922
0.032935
0.032949
0.032962
0.032976
0.032989
0.033002
0.033016
0.033029
0.033043
0.033056
0.033070
0.033083
0.033097
0.033110
0.033124
0.033137
0.033151
0.033164
0.033178
0.033191
0.033205
0.033218
0.033232
0.033245
0.033259
0.033272
0.033286
0.033299
0.033313
0.033326
0.033340
0.033353
0.033367
0.033380
0.033394
0.033407
0.033421
0.033434
0.033448
0.033461
0.033475
0.033488
0.033502
0.033515
0.033529
0.033543
0.033556
0.033570
0.033583
0.033597
0.033610
0.033624
0.033637
0.033651
0.033664
0.033678
0.033691
0.033705
0.033719
0.033732
0.033746
0.033759
0.033773
0.033786
0.033800
0.033814
0.033827
0.033841
0.033854
0.033868
0.033881
0.033895
0.033909
0.033922
0.033936
0.033949
0.033963
0.033976
0.033990
0.034004
0.034017
0.034031
0.034044
0.034058
0.034072
0.034085
0.034099
0.034112
0.034126
0.034140
0.034153
0.034167
0.034180
0.034194
0.034208
0.034221
0.034235
0.034249
0.034262
0.034276
0.034289
0.034303
0.034317
0.034330
0.034344
0.034358
0.034371
0.034385
0.034399
0.034412
0.034426
0.034439
0.034453
0.034467
0.034480
0.034494
0.034508
0.034521
0.034535
0.034549
0.034562
0.034576
0.034590
0.034603
0.034617
0.034631
0.034644
0.034658
0.034672
0.034685
0.034699
0.034713
0.034726
0.034740
0.034754
0.034767
0.034781
0.034795
0.034808
0.034822
0.034836
0.034850
0.034863
0.034877
0.034891
0.034904
0.034918
0.034932
0.034945
0.034959
0.034973
0.034987
0.035000
0.035014
0.035028
0.035041
0.035055
0.035069
0.035083
0.035096
0.035110
0.035124
0.035137
0.035151
0.035165
0.035179
0.035192
0.035206
0.035220
0.035234
0.035247
0.035261
0.035275
0.035289
0.035302
0.035316
0.035330
0.035344
0.035357
0.035371
0.035385
0.035399
0.035412
0.035426
0.035440
0.035454
0.035467
0.035481
0.035495
0.035509
0.035522
0.035536
0.035550
0.035564
0.035578
0.035591
0.035605
0.035619
0.035633
0.035646
0.035660
0.035674
0.035688
0.035702
0.035715
0.035729
0.035743
0.035757
0.035771
0.035784
0.035798
0.035812
0.035826
0.035840
0.035853
0.035867
0.035881
0.035895
0.035909
0.035922
0.035936
0.035950
0.035964
0.035978
0.035992
0.036005
0.036019
0.036033
0.036047
0.036061
0.036075
0.036088
0.036102
0.036116
0.036130
0.036144
0.036158
0.036171
0.036185
0.036199
0.036213
0.036227
0.036241
0.036255
0.036268
0.036282
0.036296
0.036310
0.036324
0.036338
0.036352
0.036366
0.036379
0.036393
0.036407
0.036421
0.036435
0.036449
0.036463
0.036477
0.036490
0.036504
0.036518
0.036532
0.036546
0.036560
0.036574
0.036588
0.036602
0.036615
0.036629
0.036643
0.036657
0.036671
0.036685
0.036699
0.036713
0.036727
0.036741
0.036754
0.036768
0.036782
0.036796
0.036810
0.036824
0.036838
0.036852
0.036866
0.036880
0.036894
0.036908
0.036922
0.036935
0.036949
0.036963
0.036977
0.036991
0.037005
0.037019
0.037033
0.037047
0.037061
0.037075
0.037089
0.037103
0.037117
0.037131
0.037145
0.037159
0.037173
0.037186
0.037200
0.037214
0.037228
0.037242
0.037256
0.037270
0.037284
0.037298
0.037312
0.037326
0.037340
0.037354
0.037368
0.037382
0.037396
0.037410
0.037424
0.037438
0.037452
0.037466
0.037480
0.037494
0.037508
0.037522
0.037536
0.037550
0.037564
0.037578
0.037592
0.037606
0.037620
0.037634
0.037648
0.037662
0.037676
0.037690
0.037704
0.037718
0.037732
0.037746
0.037760
0.037774
0.037788
0.037802
0.037816
0.037830
0.037844
0.037858
0.037872
0.037886
0.037900
0.037915
0.037929
0.037943
0.037957
0.037971
0.037985
0.037999
0.038013
0.038027
0.038041
0.038055
0.038069
0.038083
0.038097
0.038111
0.038125
0.038139
0.038153
0.038167
0.038182
0.038196
0.038210
0.038224
0.038238
0.038252
0.038266
0.038280
0.038294
0.038308
0.038322
0.038336
0.038350
0.038365
0.038379
0.038393
0.038407
0.038421
0.038435
0.038449
0.038463
0.038477
0.038491
0.038505
0.038520
0.038534
0.038548
0.038562
0.038576
0.038590
0.038604
0.038618
0.038632
0.038647
0.038661
0.038675
0.038689
0.038703
0.038717
0.038731
0.038745
0.038760
0.038774
0.038788
0.038802
0.038816
0.038830
0.038844
0.038859
0.038873
0.038887
0.038901
0.038915
0.038929
0.038943
0.038958
0.038972
0.038986
0.039000
0.039014
0.039028
0.039042
0.039057
0.039071
0.039085
0.039099
0.039113
0.039127
0.039142
0.039156
0.039170
0.039184
0.039198
0.039212
0.039227
0.039241
0.039255
0.039269
0.039283
0.039298
0.039312
0.039326
0.039340
0.039354
0.039368
0.039383
0.039397
0.039411
0.039425
0.039439
0.039454
0.039468
0.039482
0.039496
0.039510
0.039525
0.039539
0.039553
0.039567
0.039581
0.039596
0.039610
0.039624
0.039638
0.039653
0.039667
0.039681
0.039695
0.039709
0.039724
0.039738
0.039752
0.039766
0.039781
0.039795
0.039809
0.039823
0.039838
0.039852
0.039866
0.039880
0.039895
0.039909
0.039923
0.039937
0.039952
0.039966
0.039980
0.039994
0.040009
0.040023
0.040037
0.040051
0.040066
0.040080
0.040094
0.040108
0.040123
0.040137
0.040151
0.040165
0.040180
0.040194
0.040208
0.040223
0.040237
0.040251
0.040265
0.040280
0.040294
0.040308
0.040323
0.040337
0.040351
0.040365
0.040380
0.040394
0.040408
0.040423
0.040437
0.040451
0.040465
0.040480
0.040494
0.040508
0.040523
0.040537
0.040551
0.040566
0.040580
0.040594
0.040609
0.040623
0.040637
0.040652
0.040666
0.040680
0.040694
0.040709
0.040723
0.040737
0.040752
0.040766
0.040780
0.040795
0.040809
0.040823
0.040838
0.040852
0.040866
0.040881
0.040895
0.040909
0.040924
0.040938
0.040953
0.040967
0.040981
0.040996
0.041010
0.041024
0.041039
0.041053
0.041067
0.041082
0.041096
0.041110
0.041125
0.041139
0.041154
0.041168
0.041182
0.041197
0.041211
0.041225
0.041240
0.041254
0.041269
0.041283
0.041297
0.041312
0.041326
0.041340
0.041355
0.041369
0.041384
0.041398
0.041412
0.041427
0.041441
0.041456
0.041470
0.041484
0.041499
0.041513
0.041528
0.041542
0.041556
0.041571
0.041585
0.041600
0.041614
0.041628
0.041643
0.041657
0.041672
0.041686
0.041701
0.041715
0.041729
0.041744
0.041758
0.041773
0.041787
0.041802
0.041816
0.041830
0.041845
0.041859
0.041874
0.041888
0.041903
0.041917
0.041931
0.041946
0.041960
0.041975
0.041989
0.042004
0.042018
0.042033
0.042047
0.042061
0.042076
0.042090
0.042105
0.042119
0.042134
0.042148
0.042163
0.042177
0.042192
0.042206
0.042221
0.042235
0.042250
0.042264
0.042278
0.042293
0.042307
0.042322
0.042336
0.042351
0.042365
0.042380
0.042394
0.042409
0.042423
0.042438
0.042452
0.042467
0.042481
0.042496
0.042510
0.042525
0.042539
0.042554
0.042568
0.042583
0.042597
0.042612
0.042626
0.042641
0.042655
0.042670
0.042684
0.042699
0.042713
0.042728
0.042742
0.042757
0.042771
0.042786
0.042800
0.042815
0.042829
0.042844
0.042859
0.042873
0.042888
0.042902
0.042917
0.042931
0.042946
0.042960
0.042975
0.042989
0.043004
0.043018
0.043033
0.043047
0.043062
0.043077
0.043091
0.043106
0.043120
0.043135
0.043149
0.043164
0.043178
0.043193
0.043208
0.043222
0.043237
0.043251
0.043266
0.043280
0.043295
0.043310
0.043324
0.043339
0.043353
0.043368
0.043382
0.043397
0.043412
0.043426
0.043441
0.043455
0.043470
0.043484
0.043499
0.043514
0.043528
0.043543
0.043557
0.043572
0.043587
0.043601
0.043616
0.043630
0.043645
0.043660
0.043674
0.043689
0.043703
0.043718
0.043733
0.043747
0.043762
0.043776
0.043791
0.043806
0.043820
0.043835
0.043849
0.043864
0.043879
0.043893
0.043908
0.043923
0.043937
0.043952
0.043966
0.043981
0.043996
0.044010
0.044025
0.044040
0.044054
0.044069
0.044083
0.044098
0.044113
0.044127
0.044142
0.044157
0.044171
0.044186
0.044201
0.044215
0.044230
0.044245
0.044259
0.044274
0.044289
0.044303
0.044318
0.044332
0.044347
0.044362
0.044376
0.044391
0.044406
0.044420
0.044435
0.044450
0.044464
0.044479
0.044494
0.044508
0.044523
0.044538
0.044553
0.044567
0.044582
0.044597
0.044611
0.044626
0.044641
0.044655
0.044670
0.044685
0.044699
0.044714
0.044729
0.044743
0.044758
0.044773
0.044788
0.044802
0.044817
0.044832
0.044846
0.044861
0.044876
0.044890
0.044905
0.044920
0.044935
0.044949
0.044964
0.044979
0.044993
0.045008
0.045023
0.045038
0.045052
0.045067
0.045082
0.045096
0.045111
0.045126
0.045141
0.045155
0.045170
0.045185
0.045200
0.045214
0.045229
0.045244
0.045258
0.045273
0.045288
0.045303
0.045317
0.045332
0.045347
0.045362
0.045376
0.045391
0.045406
0.045421
0.045435
0.045450
0.045465
0.045480
0.045494
0.045509
0.045524
0.045539
0.045553
0.045568
0.045583
0.045598
0.045613
0.045627
0.045642
0.045657
0.045672
0.045686
0.045701
0.045716
0.045731
0.045746
0.045760
0.045775
0.045790
0.045805
0.045819
0.045834
0.045849
0.045864
0.045879
0.045893
0.045908
0.045923
0.045938
0.045953
0.045967
0.045982
0.045997
0.046012
0.046027
0.046041
0.046056
0.046071
0.046086
0.046101
0.046115
0.046130
0.046145
0.046160
0.046175
0.046189
0.046204
0.046219
0.046234
0.046249
0.046263
0.046278
0.046293
0.046308
0.046323
0.046338
0.046352
0.046367
0.046382
0.046397
0.046412
0.046427
0.046441
0.046456
0.046471
0.046486
0.046501
0.046516
0.046530
0.046545
0.046560
0.046575
0.046590
0.046605
0.046620
0.046634
0.046649
0.046664
0.046679
0.046694
0.046709
0.046724
0.046738
0.046753
0.046768
0.046783
0.046798
0.046813
0.046828
0.046842
0.046857
0.046872
0.046887
0.046902
0.046917
0.046932
0.046947
0.046961
0.046976
0.046991
0.047006
0.047021
0.047036
0.047051
0.047066
0.047080
0.047095
0.047110
0.047125
0.047140
0.047155
0.047170
0.047185
0.047200
0.047214
0.047229
0.047244
0.047259
0.047274
0.047289
0.047304
0.047319
0.047334
0.047349
0.047363
0.047378
0.047393
0.047408
0.047423
0.047438
0.047453
0.047468
0.047483
0.047498
0.047513
0.047528
0.047542
0.047557
0.047572
0.047587
0.047602
0.047617
0.047632
0.047647
0.047662
0.047677
0.047692
0.047707
0.047722
0.047737
0.047752
0.047766
0.047781
0.047796
0.047811
0.047826
0.047841
0.047856
0.047871
0.047886
0.047901
0.047916
0.047931
0.047946
0.047961
0.047976
0.047991
0.048006
0.048021
0.048036
0.048051
0.048065
0.048080
0.048095
0.048110
0.048125
0.048140
0.048155
0.048170
0.048185
0.048200
0.048215
0.048230
0.048245
0.048260
0.048275
0.048290
0.048305
0.048320
0.048335
0.048350
0.048365
0.048380
0.048395
0.048410
0.048425
0.048440
0.048455
0.048470
0.048485
0.048500
0.048515
0.048530
0.048545
0.048560
0.048575
0.048590
0.048605
0.048620
0.048635
0.048650
0.048665
0.048680
0.048695
0.048710
0.048725
0.048740
0.048755
0.048770
0.048785
0.048800
0.048815
0.048830
0.048845
0.048860
0.048875
0.048890
0.048905
0.048920
0.048935
0.048950
0.048965
0.048980
0.048995
0.049010
0.049025
0.049040
0.049055
0.049071
0.049086
0.049101
0.049116
0.049131
0.049146
0.049161
0.049176
0.049191
0.049206
0.049221
0.049236
0.049251
0.049266
0.049281
0.049296
0.049311
0.049326
0.049341
0.049356
0.049372
0.049387
0.049402
0.049417
0.049432
0.049447
0.049462
0.049477
0.049492
0.049507
0.049522
0.049537
0.049552
0.049567
0.049582
0.049598
0.049613
0.049628
0.049643
0.049658
0.049673
0.049688
0.049703
0.049718
0.049733
0.049748
0.049763
0.049779
0.049794
0.049809
0.049824
0.049839
0.049854
0.049869
0.049884
0.049899
0.049914
0.049930
0.049945
0.049960
0.049975
0.049990
0.050005
0.050020
0.050035
0.050050
0.050065
0.050081
0.050096
0.050111
0.050126
0.050141
0.050156
0.050171
0.050186
0.050202
0.050217
0.050232
0.050247
0.050262
0.050277
0.050292
0.050307
0.050323
0.050338
0.050353
0.050368
0.050383
0.050398
0.050413
0.050428
0.050444
0.050459
0.050474
0.050489
0.050504
0.050519
0.050534
0.050550
0.050565
0.050580
0.050595
0.050610
0.050625
0.050640
0.050656
0.050671
0.050686
0.050701
0.050716
0.050731
0.050747
0.050762
0.050777
0.050792
0.050807
0.050822
0.050838
0.050853
0.050868
0.050883
0.050898
0.050913
0.050929
0.050944
0.050959
0.050974
0.050989
0.051004
0.051020
0.051035
0.051050
0.051065
0.051080
0.051096
0.051111
0.051126
0.051141
0.051156
0.051171
0.051187
0.051202
0.051217
0.051232
0.051247
0.051263
0.051278
0.051293
0.051308
0.051323
0.051339
0.051354
0.051369
0.051384
0.051399
0.051415
0.051430
0.051445
0.051460
0.051475
0.051491
0.051506
0.051521
0.051536
0.051552
0.051567
0.051582
0.051597
0.051612
0.051628
0.051643
0.051658
0.051673
0.051688
0.051704
0.051719
0.051734
0.051749
0.051765
0.051780
0.051795
0.051810
0.051826
0.051841
0.051856
0.051871
0.051886
0.051902
0.051917
0.051932
0.051947
0.051963
0.051978
0.051993
0.052008
0.052024
0.052039
0.052054
0.052069
0.052085
0.052100
0.052115
0.052130
0.052146
0.052161
0.052176
0.052191
0.052207
0.052222
0.052237
0.052252
0.052268
0.052283
0.052298
0.052314
0.052329
0.052344
0.052359
0.052375
0.052390
0.052405
0.052420
0.052436
0.052451
0.052466
0.052482
0.052497
0.052512
0.052527
0.052543
0.052558
0.052573
0.052589
0.052604
0.052619
0.052634
0.052650
0.052665
0.052680
0.052696
0.052711
0.052726
0.052741
0.052757
0.052772
0.052787
0.052803
0.052818
0.052833
0.052848
0.052864
0.052879
0.052894
0.052910
0.052925
0.052940
0.052956
0.052971
0.052986
0.053002
0.053017
0.053032
0.053047
0.053063
0.053078
0.053093
0.053109
0.053124
0.053139
0.053155
0.053170
0.053185
0.053201
0.053216
0.053231
0.053247
0.053262
0.053277
0.053293
0.053308
0.053323
0.053339
0.053354
0.053369
0.053385
0.053400
0.053415
0.053431
0.053446
0.053461
0.053477
0.053492
0.053507
0.053523
0.053538
0.053553
0.053569
0.053584
0.053599
0.053615
0.053630
0.053646
0.053661
0.053676
0.053692
0.053707
0.053722
0.053738
0.053753
0.053768
0.053784
0.053799
0.053814
0.053830
0.053845
0.053861
0.053876
0.053891
0.053907
0.053922
0.053937
0.053953
0.053968
0.053984
0.053999
0.054014
0.054030
0.054045
0.054060
0.054076
0.054091
0.054107
0.054122
0.054137
0.054153
0.054168
0.054183
0.054199
0.054214
0.054230
0.054245
0.054260
0.054276
0.054291
0.054307
0.054322
0.054337
0.054353
0.054368
0.054384
0.054399
0.054414
0.054430
0.054445
0.054461
0.054476
0.054491
0.054507
0.054522
0.054538
0.054553
0.054568
0.054584
0.054599
0.054615
0.054630
0.054645
0.054661
0.054676
0.054692
0.054707
0.054723
0.054738
0.054753
0.054769
0.054784
0.054800
0.054815
0.054831
0.054846
0.054861
0.054877
0.054892
0.054908
0.054923
0.054939
0.054954
0.054969
0.054985
0.055000
0.055016
0.055031
0.055047
0.055062
0.055077
0.055093
0.055108
0.055124
0.055139
0.055155
0.055170
0.055186
0.055201
0.055217
0.055232
0.055247
0.055263
0.055278
0.055294
0.055309
0.055325
0.055340
0.055356
0.055371
0.055387
0.055402
0.055417
0.055433
0.055448
0.055464
0.055479
0.055495
0.055510
0.055526
0.055541
0.055557
0.055572
0.055588
0.055603
0.055619
0.055634
0.055649
0.055665
0.055680
0.055696
0.055711
0.055727
0.055742
0.055758
0.055773
0.055789
0.055804
0.055820
0.055835
0.055851
0.055866
0.055882
0.055897
0.055913
0.055928
0.055944
0.055959
0.055975
0.055990
0.056006
0.056021
0.056037
0.056052
0.056068
0.056083
0.056099
0.056114
0.056130
0.056145
0.056161
0.056176
0.056192
0.056207
0.056223
0.056238
0.056254
0.056269
0.056285
0.056300
0.056316
0.056331
0.056347
0.056362
0.056378
0.056393
0.056409
0.056424
0.056440
0.056455
0.056471
0.056487
0.056502
0.056518
0.056533
0.056549
0.056564
0.056580
0.056595
0.056611
0.056626
0.056642
0.056657
0.056673
0.056688
0.056704
0.056720
0.056735
0.056751
0.056766
0.056782
0.056797
0.056813
0.056828
0.056844
0.056859
0.056875
0.056890
0.056906
0.056922
0.056937
0.056953
0.056968
0.056984
0.056999
0.057015
0.057030
0.057046
0.057062
0.057077
0.057093
0.057108
0.057124
0.057139
0.057155
0.057170
0.057186
0.057202
0.057217
0.057233
0.057248
0.057264
0.057279
0.057295
0.057311
0.057326
0.057342
0.057357
0.057373
0.057388
0.057404
0.057420
0.057435
0.057451
0.057466
0.057482
0.057498
0.057513
0.057529
0.057544
0.057560
0.057575
0.057591
0.057607
0.057622
0.057638
0.057653
0.057669
0.057685
0.057700
0.057716
0.057731
0.057747
0.057763
0.057778
0.057794
0.057809
0.057825
0.057841
0.057856
0.057872
0.057887
0.057903
0.057919
0.057934
0.057950
0.057965
0.057981
0.057997
0.058012
0.058028
0.058043
0.058059
0.058075
0.058090
0.058106
0.058122
0.058137
0.058153
0.058168
0.058184
0.058200
0.058215
0.058231
0.058246
0.058262
0.058278
0.058293
0.058309
0.058325
0.058340
0.058356
0.058372
0.058387
0.058403
0.058418
0.058434
0.058450
0.058465
0.058481
0.058497
0.058512
0.058528
0.058544
0.058559
0.058575
0.058590
0.058606
0.058622
0.058637
0.058653
0.058669
0.058684
0.058700
0.058716
0.058731
0.058747
0.058763
0.058778
0.058794
0.058810
0.058825
0.058841
0.058856
0.058872
0.058888
0.058903
0.058919
0.058935
0.058950
0.058966
0.058982
0.058997
0.059013
0.059029
0.059044
0.059060
0.059076
0.059091
0.059107
0.059123
0.059138
0.059154
0.059170
0.059185
0.059201
0.059217
0.059232
0.059248
0.059264
0.059280
0.059295
0.059311
0.059327
0.059342
0.059358
0.059374
0.059389
0.059405
0.059421
0.059436
0.059452
0.059468
0.059483
0.059499
0.059515
0.059530
0.059546
0.059562
0.059578
0.059593
0.059609
0.059625
0.059640
0.059656
0.059672
0.059687
0.059703
0.059719
0.059735
0.059750
0.059766
0.059782
0.059797
0.059813
0.059829
0.059844
0.059860
0.059876
0.059892
0.059907
0.059923
0.059939
0.059954
0.059970
0.059986
0.060002
0.060017
0.060033
0.060049
0.060064
0.060080
0.060096
0.060112
0.060127
0.060143
0.060159
0.060175
0.060190
0.060206
0.060222
0.060237
0.060253
0.060269
0.060285
0.060300
0.060316
0.060332
0.060348
0.060363
0.060379
0.060395
0.060410
0.060426
0.060442
0.060458
0.060473
0.060489
0.060505
0.060521
0.060536
0.060552
0.060568
0.060584
0.060599
0.060615
0.060631
0.060647
0.060662
0.060678
0.060694
0.060710
0.060725
0.060741
0.060757
0.060773
0.060788
0.060804
0.060820
0.060836
0.060851
0.060867
0.060883
0.060899
0.060914
0.060930
0.060946
0.060962
0.060978
0.060993
0.061009
0.061025
0.061041
0.061056
0.061072
0.061088
0.061104
0.061119
0.061135
0.061151
0.061167
0.061183
0.061198
0.061214
0.061230
0.061246
0.061261
0.061277
0.061293
0.061309
0.061325
0.061340
0.061356
0.061372
0.061388
0.061404
0.061419
0.061435
0.061451
0.061467
0.061482
0.061498
0.061514
0.061530
0.061546
0.061561
0.061577
0.061593
0.061609
0.061625
0.061640
0.061656
0.061672
0.061688
0.061704
0.061719
0.061735
0.061751
0.061767
0.061783
0.061798
0.061814
0.061830
0.061846
0.061862
0.061877
0.061893
0.061909
0.061925
0.061941
0.061956
0.061972
0.061988
0.062004
0.062020
0.062036
0.062051
0.062067
0.062083
0.062099
0.062115
0.062130
0.062146
0.062162
0.062178
0.062194
0.062210
0.062225
0.062241
0.062257
0.062273
0.062289
0.062305
0.062320
0.062336
0.062352
0.062368
0.062384
0.062400
0.062415
0.062431
0.062447
0.062463
0.062479
0.062495
0.062510
0.062526
0.062542
0.062558
0.062574
0.062590
0.062605
0.062621
0.062637
0.062653
0.062669
0.062685
0.062701
0.062716
0.062732
0.062748
0.062764
0.062780
0.062796
0.062811
0.062827
0.062843
0.062859
0.062875
0.062891
0.062907
0.062922
0.062938
0.062954
0.062970
0.062986
0.063002
0.063018
0.063034
0.063049
0.063065
0.063081
0.063097
0.063113
0.063129
0.063145
0.063160
0.063176
0.063192
0.063208
0.063224
0.063240
0.063256
0.063272
0.063287
0.063303
0.063319
0.063335
0.063351
0.063367
0.063383
0.063399
0.063414
0.063430
0.063446
0.063462
0.063478
0.063494
0.063510
0.063526
0.063542
0.063557
0.063573
0.063589
0.063605
0.063621
0.063637
0.063653
0.063669
0.063685
0.063700
0.063716
0.063732
0.063748
0.063764
0.063780
0.063796
0.063812
0.063828
0.063843
0.063859
0.063875
0.063891
0.063907
0.063923
0.063939
0.063955
0.063971
0.063987
0.064003
0.064018
0.064034
0.064050
0.064066
0.064082
0.064098
0.064114
0.064130
0.064146
0.064162
0.064178
0.064193
0.064209
0.064225
0.064241
0.064257
0.064273
0.064289
0.064305
0.064321
0.064337
0.064353
0.064369
0.064384
0.064400
0.064416
0.064432
0.064448
0.064464
0.064480
0.064496
0.064512
0.064528
0.064544
0.064560
0.064576
0.064592
0.064607
0.064623
0.064639
0.064655
0.064671
0.064687
0.064703
0.064719
0.064735
0.064751
0.064767
0.064783
0.064799
0.064815
0.064831
0.064847
0.064863
0.064878
0.064894
0.064910
0.064926
0.064942
0.064958
0.064974
0.064990
0.065006
0.065022
0.065038
0.065054
0.065070
0.065086
0.065102
0.065118
0.065134
0.065150
0.065166
0.065182
0.065198
0.065213
0.065229
0.065245
0.065261
0.065277
0.065293
0.065309
0.065325
0.065341
0.065357
0.065373
0.065389
0.065405
0.065421
0.065437
0.065453
0.065469
0.065485
0.065501
0.065517
0.065533
0.065549
0.065565
0.065581
0.065597
0.065613
0.065629
0.065645
0.065661
0.065677
0.065693
0.065709
0.065725
0.065741
0.065756
0.065772
0.065788
0.065804
0.065820
0.065836
0.065852
0.065868
0.065884
0.065900
0.065916
0.065932
0.065948
0.065964
0.065980
0.065996
0.066012
0.066028
0.066044
0.066060
0.066076
0.066092
0.066108
0.066124
0.066140
0.066156
0.066172
0.066188
0.066204
0.066220
0.066236
0.066252
0.066268
0.066284
0.066300
0.066316
0.066332
0.066348
0.066364
0.066380
0.066396
0.066412
0.066428
0.066444
0.066460
0.066476
0.066492
0.066508
0.066524
0.066540
0.066556
0.066572
0.066588
0.066604
0.066620
0.066637
0.066653
0.066669
0.066685
0.066701
0.066717
0.066733
0.066749
0.066765
0.066781
0.066797
0.066813
0.066829
0.066845
0.066861
0.066877
0.066893
0.066909
0.066925
0.066941
0.066957
0.066973
0.066989
0.067005
0.067021
0.067037
0.067053
0.067069
0.067085
0.067101
0.067117
0.067133
0.067149
0.067165
0.067182
0.067198
0.067214
0.067230
0.067246
0.067262
0.067278
0.067294
0.067310
0.067326
0.067342
0.067358
0.067374
0.067390
0.067406
0.067422
0.067438
0.067454
0.067470
0.067486
0.067502
0.067518
0.067535
0.067551
0.067567
0.067583
0.067599
0.067615
0.067631
0.067647
0.067663
0.067679
0.067695
0.067711
0.067727
0.067743
0.067759
0.067775
0.067791
0.067808
0.067824
0.067840
0.067856
0.067872
0.067888
0.067904
0.067920
0.067936
0.067952
0.067968
0.067984
0.068000
0.068016
0.068033
0.068049
0.068065
0.068081
0.068097
0.068113
0.068129
0.068145
0.068161
0.068177
0.068193
0.068209
0.068225
0.068242
0.068258
0.068274
0.068290
0.068306
0.068322
0.068338
0.068354
0.068370
0.068386
0.068402
0.068418
0.068435
0.068451
0.068467
0.068483
0.068499
0.068515
0.068531
0.068547
0.068563
0.068579
0.068595
0.068612
0.068628
0.068644
0.068660
0.068676
0.068692
0.068708
0.068724
0.068740
0.068756
0.068773
0.068789
0.068805
0.068821
0.068837
0.068853
0.068869
0.068885
0.068901
0.068917
0.068934
0.068950
0.068966
0.068982
0.068998
0.069014
0.069030
0.069046
0.069062
0.069079
0.069095
0.069111
0.069127
0.069143
0.069159
0.069175
0.069191
0.069207
0.069224
0.069240
0.069256
0.069272
0.069288
0.069304
0.069320
0.069336
0.069353
0.069369
0.069385
0.069401
0.069417
0.069433
0.069449
0.069465
0.069482
0.069498
0.069514
0.069530
0.069546
0.069562
0.069578
0.069594
0.069611
0.069627
0.069643
0.069659
0.069675
0.069691
0.069707
0.069724
0.069740
0.069756
0.069772
0.069788
0.069804
0.069820
0.069836
0.069853
0.069869
0.069885
0.069901
0.069917
0.069933
0.069949
0.069966
0.069982
0.069998
0.070014
0.070030
0.070046
0.070062
0.070079
0.070095
0.070111
0.070127
0.070143
0.070159
0.070176
0.070192
0.070208
0.070224
0.070240
0.070256
0.070272
0.070289
0.070305
0.070321
0.070337
0.070353
0.070369
0.070386
0.070402
0.070418
0.070434
0.070450
0.070466
0.070483
0.070499
0.070515
0.070531
0.070547
0.070563
0.070580
0.070596
0.070612
0.070628
0.070644
0.070660
0.070677
0.070693
0.070709
0.070725
0.070741
0.070757
0.070774
0.070790
0.070806
0.070822
0.070838
0.070854
0.070871
0.070887
0.070903
0.070919
0.070935
0.070951
0.070968
0.070984
0.071000
0.071016
0.071032
0.071049
0.071065
0.071081
0.071097
0.071113
0.071129
0.071146
0.071162
0.071178
0.071194
0.071210
0.071227
0.071243
0.071259
0.071275
0.071291
0.071308
0.071324
0.071340
0.071356
0.071372
0.071388
0.071405
0.071421
0.071437
0.071453
0.071469
0.071486
0.071502
0.071518
0.071534
0.071550
0.071567
0.071583
0.071599
0.071615
0.071631
0.071648
0.071664
0.071680
0.071696
0.071712
0.071729
0.071745
0.071761
0.071777
0.071793
0.071810
0.071826
0.071842
0.071858
0.071875
0.071891
0.071907
0.071923
0.071939
0.071956
0.071972
0.071988
0.072004
0.072020
0.072037
0.072053
0.072069
0.072085
0.072102
0.072118
0.072134
0.072150
0.072166
0.072183
0.072199
0.072215
0.072231
0.072247
0.072264
0.072280
0.072296
0.072312
0.072329
0.072345
0.072361
0.072377
0.072394
0.072410
0.072426
0.072442
0.072458
0.072475
0.072491
0.072507
0.072523
0.072540
0.072556
0.072572
0.072588
0.072604
0.072621
0.072637
0.072653
0.072669
0.072686
0.072702
0.072718
0.072734
0.072751
0.072767
0.072783
0.072799
0.072816
0.072832
0.072848
0.072864
0.072881
0.072897
0.072913
0.072929
0.072946
0.072962
0.072978
0.072994
0.073010
0.073027
0.073043
0.073059
0.073075
0.073092
0.073108
0.073124
0.073140
0.073157
0.073173
0.073189
0.073205
0.073222
0.073238
0.073254
0.073270
0.073287
0.073303
0.073319
0.073336
0.073352
0.073368
0.073384
0.073401
0.073417
0.073433
0.073449
0.073466
0.073482
0.073498
0.073514
0.073531
0.073547
0.073563
0.073579
0.073596
0.073612
0.073628
0.073644
0.073661
0.073677
0.073693
0.073710
0.073726
0.073742
0.073758
0.073775
0.073791
0.073807
0.073823
0.073840
0.073856
0.073872
0.073889
0.073905
0.073921
0.073937
0.073954
0.073970
0.073986
0.074002
0.074019
0.074035
0.074051
0.074068
0.074084
0.074100
0.074116
0.074133
0.074149
0.074165
0.074181
0.074198
0.074214
0.074230
0.074247
0.074263
0.074279
0.074295
0.074312
0.074328
0.074344
0.074361
0.074377
0.074393
0.074409
0.074426
0.074442
0.074458
0.074475
0.074491
0.074507
0.074524
0.074540
0.074556
0.074572
0.074589
0.074605
0.074621
0.074638
0.074654
0.074670
0.074686
0.074703
0.074719
0.074735
0.074752
0.074768
0.074784
0.074801
0.074817
0.074833
0.074849
0.074866
0.074882
0.074898
0.074915
0.074931
0.074947
0.074964
0.074980
0.074996
0.075012
0.075029
0.075045
0.075061
0.075078
0.075094
0.075110
0.075127
0.075143
0.075159
0.075176
0.075192
0.075208
0.075225
0.075241
0.075257
0.075273
0.075290
0.075306
0.075322
0.075339
0.075355
0.075371
0.075388
0.075404
0.075420
0.075437
0.075453
0.075469
0.075486
0.075502
0.075518
0.075535
0.075551
0.075567
0.075584
0.075600
0.075616
0.075632
0.075649
0.075665
0.075681
0.075698
0.075714
0.075730
0.075747
0.075763
0.075779
0.075796
0.075812
0.075828
0.075845
0.075861
0.075877
0.075894
0.075910
0.075926
0.075943
0.075959
0.075975
0.075992
0.076008
0.076024
0.076041
0.076057
0.076073
0.076090
0.076106
0.076122
0.076139
0.076155
0.076171
0.076188
0.076204
0.076220
0.076237
0.076253
0.076269
0.076286
0.076302
0.076318
0.076335
0.076351
0.076368
0.076384
0.076400
0.076417
0.076433
0.076449
0.076466
0.076482
0.076498
0.076515
0.076531
0.076547
0.076564
0.076580
0.076596
0.076613
0.076629
0.076645
0.076662
0.076678
0.076694
0.076711
0.076727
0.076744
0.076760
0.076776
0.076793
0.076809
0.076825
0.076842
0.076858
0.076874
0.076891
0.076907
0.076923
0.076940
0.076956
0.076973
0.076989
0.077005
0.077022
0.077038
0.077054
0.077071
0.077087
0.077103
0.077120
0.077136
0.077153
0.077169
0.077185
0.077202
0.077218
0.077234
0.077251
0.077267
0.077283
0.077300
0.077316
0.077333
0.077349
0.077365
0.077382
0.077398
0.077414
0.077431
0.077447
0.077464
0.077480
0.077496
0.077513
0.077529
0.077545
0.077562
0.077578
0.077595
0.077611
0.077627
0.077644
0.077660
0.077676
0.077693
0.077709
0.077726
0.077742
0.077758
0.077775
0.077791
0.077808
0.077824
0.077840
0.077857
0.077873
0.077889
0.077906
0.077922
0.077939
0.077955
0.077971
0.077988
0.078004
0.078021
0.078037
0.078053
0.078070
0.078086
0.078102
0.078119
0.078135
0.078152
0.078168
0.078184
0.078201
0.078217
0.078234
0.078250
0.078266
0.078283
0.078299
0.078316
0.078332
0.078348
0.078365
0.078381
0.078398
0.078414
0.078430
0.078447
0.078463
0.078480
0.078496
0.078512
0.078529
0.078545
0.078562
0.078578
0.078594
0.078611
0.078627
0.078644
0.078660
0.078676
0.078693
0.078709
0.078726
0.078742
0.078758
0.078775
0.078791
0.078808
0.078824
0.078840
0.078857
0.078873
0.078890
0.078906
0.078922
0.078939
0.078955
0.078972
0.078988
0.079005
0.079021
0.079037
0.079054
0.079070
0.079087
0.079103
0.079119
0.079136
0.079152
0.079169
0.079185
0.079201
0.079218
0.079234
0.079251
0.079267
0.079284
0.079300
0.079316
0.079333
0.079349
0.079366
0.079382
0.079399
0.079415
0.079431
0.079448
0.079464
0.079481
0.079497
0.079513
0.079530
0.079546
0.079563
0.079579
0.079596
0.079612
0.079628
0.079645
0.079661
0.079678
0.079694
0.079711
0.079727
0.079743
0.079760
0.079776
0.079793
0.079809
0.079826
0.079842
0.079858
0.079875
0.079891
0.079908
0.079924
0.079941
0.079957
0.079974
0.079990
0.080006
0.080023
0.080039
0.080056
0.080072
0.080089
0.080105
0.080121
0.080138
0.080154
0.080171
0.080187
0.080204
0.080220
0.080237
0.080253
0.080269
0.080286
0.080302
0.080319
0.080335
0.080352
0.080368
0.080385
0.080401
0.080417
0.080434
0.080450
0.080467
0.080483
0.080500
0.080516
0.080533
0.080549
0.080565
0.080582
0.080598
0.080615
0.080631
0.080648
0.080664
0.080681
0.080697
0.080714
0.080730
0.080746
0.080763
0.080779
0.080796
0.080812
0.080829
0.080845
0.080862
0.080878
0.080895
0.080911
0.080927
0.080944
0.080960
0.080977
0.080993
0.081010
0.081026
0.081043
0.081059
0.081076
0.081092
0.081108
0.081125
0.081141
0.081158
0.081174
0.081191
0.081207
0.081224
0.081240
0.081257
0.081273
0.081290
0.081306
0.081322
0.081339
0.081355
0.081372
0.081388
0.081405
0.081421
0.081438
0.081454
0.081471
0.081487
0.081504
0.081520
0.081537
0.081553
0.081570
0.081586
0.081602
0.081619
0.081635
0.081652
0.081668
0.081685
0.081701
0.081718
0.081734
0.081751
0.081767
0.081784
0.081800
0.081817
0.081833
0.081850
0.081866
0.081883
0.081899
0.081915
0.081932
0.081948
0.081965
0.081981
0.081998
0.082014
0.082031
0.082047
0.082064
0.082080
0.082097
0.082113
0.082130
0.082146
0.082163
0.082179
0.082196
0.082212
0.082229
0.082245
0.082262
0.082278
0.082295
0.082311
0.082328
0.082344
0.082361
0.082377
0.082394
0.082410
0.082426
0.082443
0.082459
0.082476
0.082492
0.082509
0.082525
0.082542
0.082558
0.082575
0.082591
0.082608
0.082624
0.082641
0.082657
0.082674
0.082690
0.082707
0.082723
0.082740
0.082756
0.082773
0.082789
0.082806
0.082822
0.082839
0.082855
0.082872
0.082888
0.082905
0.082921
0.082938
0.082954
0.082971
0.082987
0.083004
0.083020
0.083037
0.083053
0.083070
0.083086
0.083103
0.083119
0.083136
0.083152
0.083169
0.083185
0.083202
0.083218
0.083235
0.083251
0.083268
0.083284
0.083301
0.083317
0.083334
0.083350
0.083367
0.083383
0.083400
0.083416
0.083433
0.083449
0.083466
0.083483
0.083499
0.083516
0.083532
0.083549
0.083565
0.083582
0.083598
0.083615
0.083631
0.083648
0.083664
0.083681
0.083697
0.083714
0.083730
0.083747
0.083763
0.083780
0.083796
0.083813
0.083829
0.083846
0.083862
0.083879
0.083895
0.083912
0.083928
0.083945
0.083961
0.083978
0.083994
0.084011
0.084028
0.084044
0.084061
0.084077
0.084094
0.084110
0.084127
0.084143
0.084160
0.084176
0.084193
0.084209
0.084226
0.084242
0.084259
0.084275
0.084292
0.084308
0.084325
0.084341
0.084358
0.084375
0.084391
0.084408
0.084424
0.084441
0.084457
0.084474
0.084490
0.084507
0.084523
0.084540
0.084556
0.084573
0.084589
0.084606
0.084623
0.084639
0.084656
0.084672
0.084689
0.084705
0.084722
0.084738
0.084755
0.084771
0.084788
0.084804
0.084821
0.084837
0.084854
0.084871
0.084887
0.084904
0.084920
0.084937
0.084953
0.084970
0.084986
0.085003
0.085019
0.085036
0.085052
0.085069
0.085086
0.085102
0.085119
0.085135
0.085152
0.085168
0.085185
0.085201
0.085218
0.085234
0.085251
0.085268
0.085284
0.085301
0.085317
0.085334
0.085350
0.085367
0.085383
0.085400
0.085416
0.085433
0.085450
0.085466
0.085483
0.085499
0.085516
0.085532
0.085549
0.085565
0.085582
0.085598
0.085615
0.085632
0.085648
0.085665
0.085681
0.085698
0.085714
0.085731
0.085747
0.085764
0.085781
0.085797
0.085814
0.085830
0.085847
0.085863
0.085880
0.085896
0.085913
0.085930
0.085946
0.085963
0.085979
0.085996
0.086012
0.086029
0.086045
0.086062
0.086079
0.086095
0.086112
0.086128
0.086145
0.086161
0.086178
0.086194
0.086211
0.086228
0.086244
0.086261
0.086277
0.086294
0.086310
0.086327
0.086344
0.086360
0.086377
0.086393
0.086410
0.086426
0.086443
0.086459
0.086476
0.086493
0.086509
0.086526
0.086542
0.086559
0.086575
0.086592
0.086609
0.086625
0.086642
0.086658
0.086675
0.086691
0.086708
0.086725
0.086741
0.086758
0.086774
0.086791
0.086807
0.086824
0.086841
0.086857
0.086874
0.086890
0.086907
0.086923
0.086940
0.086957
0.086973
0.086990
0.087006
0.087023
0.087039
0.087056
0.087073
0.087089
0.087106
0.087122
0.087139
0.087155
0.087172
0.087189
0.087205
0.087222
0.087238
0.087255
0.087271
0.087288
0.087305
0.087321
0.087338
0.087354
0.087371
0.087388
0.087404
0.087421
0.087437
0.087454
0.087470
0.087487
0.087504
0.087520
0.087537
0.087553
0.087570
0.087587
0.087603
0.087620
0.087636
0.087653
0.087669
0.087686
0.087703
0.087719
0.087736
0.087752
0.087769
0.087786
0.087802
0.087819
0.087835
0.087852
0.087868
0.087885
0.087902
0.087918
0.087935
0.087951
0.087968
0.087985
0.088001
0.088018
0.088034
0.088051
0.088068
0.088084
0.088101
0.088117
0.088134
0.088151
0.088167
0.088184
0.088200
0.088217
0.088233
0.088250
0.088267
0.088283
0.088300
0.088316
0.088333
0.088350
0.088366
0.088383
0.088399
0.088416
0.088433
0.088449
0.088466
0.088482
0.088499
0.088516
0.088532
0.088549
0.088565
0.088582
0.088599
0.088615
0.088632
0.088648
0.088665
0.088682
0.088698
0.088715
0.088731
0.088748
0.088765
0.088781
0.088798
0.088814
0.088831
0.088848
0.088864
0.088881
0.088897
0.088914
0.088931
0.088947
0.088964
0.088980
0.088997
0.089014
0.089030
0.089047
0.089063
0.089080
0.089097
0.089113
0.089130
0.089147
0.089163
0.089180
0.089196
0.089213
0.089230
0.089246
0.089263
0.089279
0.089296
0.089313
0.089329
0.089346
0.089362
0.089379
0.089396
0.089412
0.089429
0.089446
0.089462
0.089479
0.089495
0.089512
0.089529
0.089545
0.089562
0.089578
0.089595
0.089612
0.089628
0.089645
0.089661
0.089678
0.089695
0.089711
0.089728
0.089745
0.089761
0.089778
0.089794
0.089811
0.089828
0.089844
0.089861
0.089878
0.089894
0.089911
0.089927
0.089944
0.089961
0.089977
0.089994
0.090010
0.090027
0.090044
0.090060
0.090077
0.090094
0.090110
0.090127
0.090143
0.090160
0.090177
0.090193
0.090210
0.090227
0.090243
0.090260
0.090276
0.090293
0.090310
0.090326
0.090343
0.090360
0.090376
0.090393
0.090409
0.090426
0.090443
0.090459
0.090476
0.090493
0.090509
0.090526
0.090542
0.090559
0.090576
0.090592
0.090609
0.090626
0.090642
0.090659
0.090675
0.090692
0.090709
0.090725
0.090742
0.090759
0.090775
0.090792
0.090808
0.090825
0.090842
0.090858
0.090875
0.090892
0.090908
0.090925
0.090942
0.090958
0.090975
0.090991
0.091008
0.091025
0.091041
0.091058
0.091075
0.091091
0.091108
0.091125
0.091141
0.091158
0.091174
0.091191
0.091208
0.091224
0.091241
0.091258
0.091274
0.091291
0.091308
0.091324
0.091341
0.091357
0.091374
0.091391
0.091407
0.091424
0.091441
0.091457
0.091474
0.091491
0.091507
0.091524
0.091540
0.091557
0.091574
0.091590
0.091607
0.091624
0.091640
0.091657
0.091674
0.091690
0.091707
0.091724
0.091740
0.091757
0.091773
0.091790
0.091807
0.091823
0.091840
0.091857
0.091873
0.091890
0.091907
0.091923
0.091940
0.091957
0.091973
0.091990
0.092006
0.092023
0.092040
0.092056
0.092073
0.092090
0.092106
0.092123
0.092140
0.092156
0.092173
0.092190
0.092206
0.092223
0.092240
0.092256
0.092273
0.092289
0.092306
0.092323
0.092339
0.092356
0.092373
0.092389
0.092406
0.092423
0.092439
0.092456
0.092473
0.092489
0.092506
0.092523
0.092539
0.092556
0.092573
0.092589
0.092606
0.092623
0.092639
0.092656
0.092672
0.092689
0.092706
0.092722
0.092739
0.092756
0.092772
0.092789
0.092806
0.092822
0.092839
0.092856
0.092872
0.092889
0.092906
0.092922
0.092939
0.092956
0.092972
0.092989
0.093006
0.093022
0.093039
0.093056
0.093072
0.093089
0.093106
0.093122
0.093139
0.093156
0.093172
0.093189
0.093206
0.093222
0.093239
0.093256
0.093272
0.093289
0.093305
0.093322
0.093339
0.093355
0.093372
0.093389
0.093405
0.093422
0.093439
0.093455
0.093472
0.093489
0.093505
0.093522
0.093539
0.093555
0.093572
0.093589
0.093605
0.093622
0.093639
0.093655
0.093672
0.093689
0.093705
0.093722
0.093739
0.093755
0.093772
0.093789
0.093805
0.093822
0.093839
0.093855
0.093872
0.093889
0.093905
0.093922
0.093939
0.093955
0.093972
0.093989
0.094005
0.094022
0.094039
0.094055
0.094072
0.094089
0.094105
0.094122
0.094139
0.094155
0.094172
0.094189
0.094206
0.094222
0.094239
0.094256
0.094272
0.094289
0.094306
0.094322
0.094339
0.094356
0.094372
0.094389
0.094406
0.094422
0.094439
0.094456
0.094472
0.094489
0.094506
0.094522
0.094539
0.094556
0.094572
0.094589
0.094606
0.094622
0.094639
0.094656
0.094672
0.094689
0.094706
0.094722
0.094739
0.094756
0.094772
0.094789
0.094806
0.094822
0.094839
0.094856
0.094873
0.094889
0.094906
0.094923
0.094939
0.094956
0.094973
0.094989
0.095006
0.095023
0.095039
0.095056
0.095073
0.095089
0.095106
0.095123
0.095139
0.095156
0.095173
0.095189
0.095206
0.095223
0.095240
0.095256
0.095273
0.095290
0.095306
0.095323
0.095340
0.095356
0.095373
0.095390
0.095406
0.095423
0.095440
0.095456
0.095473
0.095490
0.095506
0.095523
0.095540
0.095557
0.095573
0.095590
0.095607
0.095623
0.095640
0.095657
0.095673
0.095690
0.095707
0.095723
0.095740
0.095757
0.095773
0.095790
0.095807
0.095824
0.095840
0.095857
0.095874
0.095890
0.095907
0.095924
0.095940
0.095957
0.095974
0.095990
0.096007
0.096024
0.096040
0.096057
0.096074
0.096091
0.096107
0.096124
0.096141
0.096157
0.096174
0.096191
0.096207
0.096224
0.096241
0.096257
0.096274
0.096291
0.096308
0.096324
0.096341
0.096358
0.096374
0.096391
0.096408
0.096424
0.096441
0.096458
0.096474
0.096491
0.096508
0.096525
0.096541
0.096558
0.096575
0.096591
0.096608
0.096625
0.096641
0.096658
0.096675
0.096692
0.096708
0.096725
0.096742
0.096758
0.096775
0.096792
0.096808
0.096825
0.096842
0.096859
0.096875
0.096892
0.096909
0.096925
0.096942
0.096959
0.096975
0.096992
0.097009
0.097025
0.097042
0.097059
0.097076
0.097092
0.097109
0.097126
0.097142
0.097159
0.097176
0.097193
0.097209
0.097226
0.097243
0.097259
0.097276
0.097293
0.097309
0.097326
0.097343
0.097360
0.097376
0.097393
0.097410
0.097426
0.097443
0.097460
0.097476
0.097493
0.097510
0.097527
0.097543
0.097560
0.097577
0.097593
0.097610
0.097627
0.097643
0.097660
0.097677
0.097694
0.097710
0.097727
0.097744
0.097760
0.097777
0.097794
0.097811
0.097827
0.097844
0.097861
0.097877
0.097894
0.097911
0.097928
0.097944
0.097961
0.097978
0.097994
0.098011
0.098028
0.098044
0.098061
0.098078
0.098095
0.098111
0.098128
0.098145
0.098161
0.098178
0.098195
0.098212
0.098228
0.098245
0.098262
0.098278
0.098295
0.098312
0.098329
0.098345
0.098362
0.098379
0.098395
0.098412
0.098429
0.098446
0.098462
0.098479
0.098496
0.098512
0.098529
0.098546
0.098563
0.098579
0.098596
0.098613
0.098629
0.098646
0.098663
0.098679
0.098696
0.098713
0.098730
0.098746
0.098763
0.098780
0.098796
0.098813
0.098830
0.098847
0.098863
0.098880
0.098897
0.098914
0.098930
0.098947
0.098964
0.098980
0.098997
0.099014
0.099031
0.099047
0.099064
0.099081
0.099097
0.099114
0.099131
0.099148
0.099164
0.099181
0.099198
0.099214
0.099231
0.099248
0.099265
0.099281
0.099298
0.099315
0.099331
0.099348
0.099365
0.099382
0.099398
0.099415
0.099432
0.099448
0.099465
0.099482
0.099499
0.099515
0.099532
0.099549
0.099566
0.099582
0.099599
0.099616
0.099632
0.099649
0.099666
0.099683
0.099699
0.099716
0.099733
0.099749
0.099766
0.099783
0.099800
0.099816
0.099833
0.099850
0.099867
0.099883
0.099900
0.099917
0.099933
0.099950
0.099967
0.099984
0.100000
0.100017
0.100034
0.100050
0.100067
0.100084
0.100101
0.100117
0.100134
0.100151
0.100168
0.100184
0.100201
0.100218
0.100234
0.100251
0.100268
0.100285
0.100301
0.100318
0.100335
0.100352
0.100368
0.100385
0.100402
0.100418
0.100435
0.100452
0.100469
0.100485
0.100502
0.100519
0.100536
0.100552
0.100569
0.100586
0.100602
0.100619
0.100636
0.100653
0.100669
0.100686
0.100703
0.100720
0.100736
0.100753
0.100770
0.100786
0.100803
0.100820
0.100837
0.100853
0.100870
0.100887
0.100904
0.100920
0.100937
0.100954
0.100970
0.100987
0.101004
0.101021
0.101037
0.101054
0.101071
0.101088
0.101104
0.101121
0.101138
0.101155
0.101171
0.101188
0.101205
0.101221
0.101238
0.101255
0.101272
0.101288
0.101305
0.101322
0.101339
0.101355
0.101372
0.101389
0.101406
0.101422
0.101439
0.101456
0.101472
0.101489
0.101506
0.101523
0.101539
0.101556
0.101573
0.101590
0.101606
0.101623
0.101640
0.101657
0.101673
0.101690
0.101707
0.101723
0.101740
0.101757
0.101774
0.101790
0.101807
0.101824
0.101841
0.101857
0.101874
0.101891
0.101908
0.101924
0.101941
0.101958
0.101975
0.101991
0.102008
0.102025
0.102041
0.102058
0.102075
0.102092
0.102108
0.102125
0.102142
0.102159
0.102175
0.102192
0.102209
0.102226
0.102242
0.102259
0.102276
0.102293
0.102309
0.102326
0.102343
0.102360
0.102376
0.102393
0.102410
0.102426
0.102443
0.102460
0.102477
0.102493
0.102510
0.102527
0.102544
0.102560
0.102577
0.102594
0.102611
0.102627
0.102644
0.102661
0.102678
0.102694
0.102711
0.102728
0.102745
0.102761
0.102778
0.102795
0.102812
0.102828
0.102845
0.102862
0.102878
0.102895
0.102912
0.102929
0.102945
0.102962
0.102979
0.102996
0.103012
0.103029
0.103046
0.103063
0.103079
0.103096
0.103113
0.103130
0.103146
0.103163
0.103180
0.103197
0.103213
0.103230
0.103247
0.103264
0.103280
0.103297
0.103314
0.103331
0.103347
0.103364
0.103381
0.103398
0.103414
0.103431
0.103448
0.103465
0.103481
0.103498
0.103515
0.103532
0.103548
0.103565
0.103582
0.103599
0.103615
0.103632
0.103649
0.103665
0.103682
0.103699
0.103716
0.103732
0.103749
0.103766
0.103783
0.103799
0.103816
0.103833
0.103850
0.103866
0.103883
0.103900
0.103917
0.103933
0.103950
0.103967
0.103984
0.104000
0.104017
0.104034
0.104051
0.104067
0.104084
0.104101
0.104118
0.104134
0.104151
0.104168
0.104185
0.104201
0.104218
0.104235
0.104252
0.104268
0.104285
0.104302
0.104319
0.104335
0.104352
0.104369
0.104386
0.104402
0.104419
0.104436
0.104453
0.104469
0.104486
0.104503
0.104520
0.104536
0.104553
0.104570
0.104587
0.104603
0.104620
0.104637
0.104654
0.104670
0.104687
0.104704
0.104721
0.104737
0.104754
0.104771
0.104788
0.104804
0.104821
0.104838
0.104855
0.104871
0.104888
0.104905
0.104922
0.104938
0.104955
0.104972
0.104989
0.105006
0.105022
0.105039
0.105056
0.105073
0.105089
0.105106
0.105123
0.105140
0.105156
0.105173
0.105190
0.105207
0.105223
0.105240
0.105257
0.105274
0.105290
0.105307
0.105324
0.105341
0.105357
0.105374
0.105391
0.105408
0.105424
0.105441
0.105458
0.105475
0.105491
0.105508
0.105525
0.105542
0.105558
0.105575
0.105592
0.105609
0.105625
0.105642
0.105659
0.105676
0.105692
0.105709
0.105726
0.105743
0.105760
0.105776
0.105793
0.105810
0.105827
0.105843
0.105860
0.105877
0.105894
0.105910
0.105927
0.105944
0.105961
0.105977
0.105994
0.106011
0.106028
0.106044
0.106061
0.106078
0.106095
0.106111
0.106128
0.106145
0.106162
0.106178
0.106195
0.106212
0.106229
0.106245
0.106262
0.106279
0.106296
0.106313
0.106329
0.106346
0.106363
0.106380
0.106396
0.106413
0.106430
0.106447
0.106463
0.106480
0.106497
0.106514
0.106530
0.106547
0.106564
0.106581
0.106597
0.106614
0.106631
0.106648
0.106664
0.106681
0.106698
0.106715
0.106732
0.106748
0.106765
0.106782
0.106799
0.106815
0.106832
0.106849
0.106866
0.106882
0.106899
0.106916
0.106933
0.106949
0.106966
0.106983
0.107000
0.107016
0.107033
0.107050
0.107067
0.107084
0.107100
0.107117
0.107134
0.107151
0.107167
0.107184
0.107201
0.107218
0.107234
0.107251
0.107268
0.107285
0.107301
0.107318
0.107335
0.107352
0.107368
0.107385
0.107402
0.107419
0.107436
0.107452
0.107469
0.107486
0.107503
0.107519
0.107536
0.107553
0.107570
0.107586
0.107603
0.107620
0.107637
0.107653
0.107670
0.107687
0.107704
0.107721
0.107737
0.107754
0.107771
0.107788
0.107804
0.107821
0.107838
0.107855
0.107871
0.107888
0.107905
0.107922
0.107938
0.107955
0.107972
0.107989
0.108006
0.108022
0.108039
0.108056
0.108073
0.108089
0.108106
0.108123
0.108140
0.108156
0.108173
0.108190
0.108207
0.108224
0.108240
0.108257
0.108274
0.108291
0.108307
0.108324
0.108341
0.108358
0.108374
0.108391
0.108408
0.108425
0.108441
0.108458
0.108475
0.108492
0.108509
0.108525
0.108542
0.108559
0.108576
0.108592
0.108609
0.108626
0.108643
0.108659
0.108676
0.108693
0.108710
0.108727
0.108743
0.108760
0.108777
0.108794
0.108810
0.108827
0.108844
0.108861
0.108877
0.108894
0.108911
0.108928
0.108945
0.108961
0.108978
0.108995
0.109012
0.109028
0.109045
0.109062
0.109079
0.109095
0.109112
0.109129
0.109146
0.109163
0.109179
0.109196
0.109213
0.109230
0.109246
0.109263
0.109280
0.109297
0.109313
0.109330
0.109347
0.109364
0.109381
0.109397
0.109414
0.109431
0.109448
0.109464
0.109481
0.109498
0.109515
0.109531
0.109548
0.109565
0.109582
0.109599
0.109615
0.109632
0.109649
0.109666
0.109682
0.109699
0.109716
0.109733
0.109749
0.109766
0.109783
0.109800
0.109817
0.109833
0.109850
0.109867
0.109884
0.109900
0.109917
0.109934
0.109951
0.109967
0.109984
0.110001
0.110018
0.110035
0.110051
0.110068
0.110085
0.110102
0.110118
0.110135
0.110152
0.110169
0.110186
0.110202
0.110219
0.110236
0.110253
0.110269
0.110286
0.110303
0.110320
0.110336
0.110353
0.110370
0.110387
0.110404
0.110420
0.110437
0.110454
0.110471
0.110487
0.110504
0.110521
0.110538
0.110555
0.110571
0.110588
0.110605
0.110622
0.110638
0.110655
0.110672
0.110689
0.110705
0.110722
0.110739
0.110756
0.110773
0.110789
0.110806
0.110823
0.110840
0.110856
0.110873
0.110890
0.110907
0.110924
0.110940
0.110957
0.110974
0.110991
0.111007
0.111024
0.111041
0.111058
0.111075
0.111091
0.111108
0.111125
0.111142
0.111158
0.111175
0.111192
0.111209
0.111225
0.111242
0.111259
0.111276
0.111293
0.111309
0.111326
0.111343
0.111360
0.111376
0.111393
0.111410
0.111427
0.111444
0.111460
0.111477
0.111494
0.111511
0.111527
0.111544
0.111561
0.111578
0.111595
0.111611
0.111628
0.111645
0.111662
0.111678
0.111695
0.111712
0.111729
0.111746
0.111762
0.111779
0.111796
0.111813
0.111829
0.111846
0.111863
0.111880
0.111897
0.111913
0.111930
0.111947
0.111964
0.111980
0.111997
0.112014
0.112031
0.112048
0.112064
0.112081
0.112098
0.112115
0.112131
0.112148
0.112165
0.112182
0.112199
0.112215
0.112232
0.112249
0.112266
0.112282
0.112299
0.112316
0.112333
0.112349
0.112366
0.112383
0.112400
0.112417
0.112433
0.112450
0.112467
0.112484
0.112500
0.112517
0.112534
0.112551
0.112568
0.112584
0.112601
0.112618
0.112635
0.112651
0.112668
0.112685
0.112702
0.112719
0.112735
0.112752
0.112769
0.112786
0.112802
0.112819
0.112836
0.112853
0.112870
0.112886
0.112903
0.112920
0.112937
0.112953
0.112970
0.112987
0.113004
0.113021
0.113037
0.113054
0.113071
0.113088
0.113105
0.113121
0.113138
0.113155
0.113172
0.113188
0.113205
0.113222
0.113239
0.113256
0.113272
0.113289
0.113306
0.113323
0.113339
0.113356
0.113373
0.113390
0.113407
0.113423
0.113440
0.113457
0.113474
0.113490
0.113507
0.113524
0.113541
0.113558
0.113574
0.113591
0.113608
0.113625
0.113641
0.113658
0.113675
0.113692
0.113709
0.113725
0.113742
0.113759
0.113776
0.113792
0.113809
0.113826
0.113843
0.113860
0.113876
0.113893
0.113910
0.113927
0.113943
0.113960
0.113977
0.113994
0.114011
0.114027
0.114044
0.114061
0.114078
0.114094
0.114111
0.114128
0.114145
0.114162
0.114178
0.114195
0.114212
0.114229
0.114246
0.114262
0.114279
0.114296
0.114313
0.114329
0.114346
0.114363
0.114380
0.114397
0.114413
0.114430
0.114447
0.114464
0.114480
0.114497
0.114514
0.114531
0.114548
0.114564
0.114581
0.114598
0.114615
0.114631
0.114648
0.114665
0.114682
0.114699
0.114715
0.114732
0.114749
0.114766
0.114783
0.114799
0.114816
0.114833
0.114850
0.114866
0.114883
0.114900
0.114917
0.114934
0.114950
0.114967
0.114984
0.115001
0.115017
0.115034
0.115051
0.115068
0.115085
0.115101
0.115118
0.115135
0.115152
0.115168
0.115185
0.115202
0.115219
0.115236
0.115252
0.115269
0.115286
0.115303
0.115320
0.115336
0.115353
0.115370
0.115387
0.115403
0.115420
0.115437
0.115454
0.115471
0.115487
0.115504
0.115521
0.115538
0.115554
0.115571
0.115588
0.115605
0.115622
0.115638
0.115655
0.115672
0.115689
0.115706
0.115722
0.115739
0.115756
0.115773
0.115789
0.115806
0.115823
0.115840
0.115857
0.115873
0.115890
0.115907
0.115924
0.115940
0.115957
0.115974
0.115991
0.116008
0.116024
0.116041
0.116058
0.116075
0.116092
0.116108
0.116125
0.116142
0.116159
0.116175
0.116192
0.116209
0.116226
0.116243
0.116259
0.116276
0.116293
0.116310
0.116326
0.116343
0.116360
0.116377
0.116394
0.116410
0.116427
0.116444
0.116461
0.116478
0.116494
0.116511
0.116528
0.116545
0.116561
0.116578
0.116595
0.116612
0.116629
0.116645
0.116662
0.116679
0.116696
0.116712
0.116729
0.116746
0.116763
0.116780
0.116796
0.116813
0.116830
0.116847
0.116864
0.116880
0.116897
0.116914
0.116931
0.116947
0.116964
0.116981
0.116998
0.117015
0.117031
0.117048
0.117065
0.117082
0.117098
0.117115
0.117132
0.117149
0.117166
0.117182
0.117199
0.117216
0.117233
0.117250
0.117266
0.117283
0.117300
0.117317
0.117333
0.117350
0.117367
0.117384
0.117401
0.117417
0.117434
0.117451
0.117468
0.117485
0.117501
0.117518
0.117535
0.117552
0.117568
0.117585
0.117602
0.117619
0.117636
0.117652
0.117669
0.117686
0.117703
0.117719
0.117736
0.117753
0.117770
0.117787
0.117803
0.117820
0.117837
0.117854
0.117871
0.117887
0.117904
0.117921
0.117938
0.117954
0.117971
0.117988
0.118005
0.118022
0.118038
0.118055
0.118072
0.118089
0.118106
0.118122
0.118139
0.118156
0.118173
0.118189
0.118206
0.118223
0.118240
0.118257
0.118273
0.118290
0.118307
0.118324
0.118341
0.118357
0.118374
0.118391
0.118408
0.118424
0.118441
0.118458
0.118475
0.118492
0.118508
0.118525
0.118542
0.118559
0.118576
0.118592
0.118609
0.118626
0.118643
0.118659
0.118676
0.118693
0.118710
0.118727
0.118743
0.118760
0.118777
0.118794
0.118810
0.118827
0.118844
0.118861
0.118878
0.118894
0.118911
0.118928
0.118945
0.118962
0.118978
0.118995
0.119012
0.119029
0.119045
0.119062
0.119079
0.119096
0.119113
0.119129
0.119146
0.119163
0.119180
0.119197
0.119213
0.119230
0.119247
0.119264
0.119280
0.119297
0.119314
0.119331
0.119348
0.119364
0.119381
0.119398
0.119415
0.119432
0.119448
0.119465
0.119482
0.119499
0.119515
0.119532
0.119549
0.119566
0.119583
0.119599
0.119616
0.119633
0.119650
0.119667
0.119683
0.119700
0.119717
0.119734
0.119750
0.119767
0.119784
0.119801
0.119818
0.119834
0.119851
0.119868
0.119885
0.119902
0.119918
0.119935
0.119952
0.119969
0.119985
0.120002
0.120019
0.120036
0.120053
0.120069
0.120086
0.120103
0.120120
0.120137
0.120153
0.120170
0.120187
0.120204
0.120220
0.120237
0.120254
0.120271
0.120288
0.120304
0.120321
0.120338
0.120355
0.120372
0.120388
0.120405
0.120422
0.120439
0.120455
0.120472
0.120489
0.120506
0.120523
0.120539
0.120556
0.120573
0.120590
0.120606
0.120623
0.120640
0.120657
0.120674
0.120690
0.120707
0.120724
0.120741
0.120758
0.120774
0.120791
0.120808
0.120825
0.120841
0.120858
0.120875
0.120892
0.120909
0.120925
0.120942
0.120959
0.120976
0.120993
0.121009
0.121026
0.121043
0.121060
0.121076
0.121093
0.121110
0.121127
0.121144
0.121160
0.121177
0.121194
0.121211
0.121228
0.121244
0.121261
0.121278
0.121295
0.121311
0.121328
0.121345
0.121362
0.121379
0.121395
0.121412
0.121429
0.121446
0.121463
0.121479
0.121496
0.121513
0.121530
0.121546
0.121563
0.121580
0.121597
0.121614
0.121630
0.121647
0.121664
0.121681
0.121698
0.121714
0.121731
0.121748
0.121765
0.121781
0.121798
0.121815
0.121832
0.121849
0.121865
0.121882
0.121899
0.121916
0.121933
0.121949
0.121966
0.121983
0.122000
0.122016
0.122033
0.122050
0.122067
0.122084
0.122100
0.122117
0.122134
0.122151
0.122168
0.122184
0.122201
0.122218
0.122235
0.122251
0.122268
0.122285
0.122302
0.122319
0.122335
0.122352
0.122369
0.122386
0.122403
0.122419
0.122436
0.122453
0.122470
0.122486
0.122503
0.122520
0.122537
0.122554
0.122570
0.122587
0.122604
0.122621
0.122638
0.122654
0.122671
0.122688
0.122705
0.122722
0.122738
0.122755
0.122772
0.122789
0.122805
0.122822
0.122839
0.122856
0.122873
0.122889
0.122906
0.122923
0.122940
0.122957
0.122973
0.122990
0.123007
0.123024
0.123040
0.123057
0.123074
0.123091
0.123108
0.123124
0.123141
0.123158
0.123175
0.123192
0.123208
0.123225
0.123242
0.123259
0.123275
0.123292
0.123309
0.123326
0.123343
0.123359
0.123376
0.123393
0.123410
0.123427
0.123443
0.123460
0.123477
0.123494
0.123510
0.123527
0.123544
0.123561
0.123578
0.123594
0.123611
0.123628
0.123645
0.123662
0.123678
0.123695
0.123712
0.123729
0.123745
0.123762
0.123779
0.123796
0.123813
0.123829
0.123846
0.123863
0.123880
0.123897
0.123913
0.123930
0.123947
0.123964
0.123980
0.123997
0.124014
0.124031
0.124048
0.124064
0.124081
0.124098
0.124115
0.124132
0.124148
0.124165
0.124182
0.124199
0.124215
0.124232
0.124249
0.124266
0.124283
0.124299
0.124316
0.124333
0.124350
0.124367
0.124383
0.124400
0.124417
0.124434
0.124450
0.124467
0.124484
0.124501
0.124518
0.124534
0.124551
0.124568
0.124585
0.124602
0.124618
0.124635
0.124652
0.124669
0.124685
0.124702
0.124719
0.124736
0.124753
0.124769
0.124786
0.124803
0.124820
0.124837
0.124853
0.124870
0.124887
0.124904
0.124920
0.124937
0.124954
0.124971
0.124988
0.125004
0.125021
0.125038
0.125055
0.125072
0.125088
0.125105
0.125122
0.125139
0.125155
0.125172
0.125189
0.125206
0.125223
0.125239
0.125256
0.125273
0.125290
0.125307
0.125323
0.125340
0.125357
0.125374
0.125390
0.125407
0.125424
0.125441
0.125458
0.125474
0.125491
0.125508
0.125525
0.125542
0.125558
0.125575
0.125592
0.125609
0.125625
0.125642
0.125659
0.125676
0.125693
0.125709
0.125726
0.125743
0.125760
0.125777
0.125793
0.125810
