0.000000
0.000000
0.000000
0.000000
0.000000
0.000000
0.000000
0.000001
0.000001
0.000001
0.000001
0.000001
0.000002
0.000002
0.000002
0.000002
0.000003
0.000003
0.000004
0.000004
0.000004
0.000005
0.000005
0.000006
0.000006
0.000007
0.000007
0.000008
0.000008
0.000009
0.000009
0.000010
0.000011
0.000011
0.000012
0.000013
0.000013
0.000014
0.000015
0.000016
0.000017
0.000017
0.000018
0.000019
0.000020
0.000021
0.000022
0.000023
0.000024
0.000025
0.000026
0.000027
0.000028
0.000029
0.000030
0.000031
0.000032
0.000033
0.000034
0.000035
0.000037
0.000038
0.000039
0.000040
0.000042
0.000043
0.000044
0.000045
0.000047
0.000048
0.000050
0.000051
0.000052
0.000054
0.000055
0.000057
0.000058
0.000060
0.000061
0.000063
0.000065
0.000066
0.000068
0.000069
0.000071
0.000073
0.000074
0.000076
0.000078
0.000080
0.000081
0.000083
0.000085
0.000087
0.000089
0.000091
0.000092
0.000094
0.000096
0.000098
0.000100
0.000102
0.000104
0.000106
0.000108
0.000110
0.000112
0.000114
0.000117
0.000119
0.000121
0.000123
0.000125
0.000127
0.000130
0.000132
0.000134
0.000137
0.000139
0.000141
0.000143
0.000146
0.000148
0.000151
0.000153
0.000156
0.000158
0.000160
0.000163
0.000165
0.000168
0.000171
0.000173
0.000176
0.000178
0.000181
0.000184
0.000186
0.000189
0.000192
0.000194
0.000197
0.000200
0.000203
0.000206
0.000208
0.000211
0.000214
0.000217
0.000220
0.000223
0.000226
0.000229
0.000232
0.000235
0.000238
0.000241
0.000244
0.000247
0.000250
0.000253
0.000256
0.000259
0.000262
0.000266
0.000269
0.000272
0.000275
0.000278
0.000282
0.000285
0.000288
0.000292
0.000295
0.000298
0.000302
0.000305
0.000309
0.000312
0.000315
0.000319
0.000322
0.000326
0.000329
0.000333
0.000337
0.000340
0.000344
0.000347
0.000351
0.000355
0.000358
0.000362
0.000366
0.000370
0.000373
0.000377
0.000381
0.000385
0.000389
0.000392
0.000396
0.000400
0.000404
0.000408
0.000412
0.000416
0.000420
0.000424
0.000428
0.000432
0.000436
0.000440
0.000444
0.000448
0.000452
0.000456
0.000461
0.000465
0.000469
0.000473
0.000477
0.000482
0.000486
0.000490
0.000495
0.000499
0.000503
0.000508
0.000512
0.000516
0.000521
0.000525
0.000530
0.000534
0.000539
0.000543
0.000548
0.000552
0.000557
0.000561
0.000566
0.000570
0.000575
0.000580
0.000584
0.000589
0.000594
0.000599
0.000603
0.000608
0.000613
0.000618
0.000622
0.000627
0.000632
0.000637
0.000642
0.000647
0.000652
0.000657
0.000662
0.000667
0.000672
0.000677
0.000682
0.000687
0.000692
0.000697
0.000702
0.000707
0.000712
0.000717
0.000722
0.000728
0.000733
0.000738
0.000743
0.000749
0.000754
0.000759
0.000765
0.000770
0.000775
0.000781
0.000786
0.000791
0.000797
0.000802
0.000808
0.000813
0.000819
0.000824
0.000830
0.000835
0.000841
0.000846
0.000852
0.000858
0.000863
0.000869
0.000875
0.000880
0.000886
0.000892
0.000897
0.000903
0.000909
0.000915
0.000921
0.000926
0.000932
0.000938
0.000944
0.000950
0.000956
0.000962
0.000968
0.000974
0.000980
0.000986
0.000992
0.000998
0.001004
0.001010
0.001016
0.001022
0.001028
0.001034
0.001040
0.001047
0.001053
0.001059
0.001065
0.001072
0.001078
0.001084
0.001090
0.001097
0.001103
0.001109
0.001116
0.001122
0.001129
0.001135
0.001141
0.001148
0.001154
0.001161
0.001167
0.001174
0.001180
0.001187
0.001194
0.001200
0.001207
0.001213
0.001220
0.001227
0.001233
0.001240
0.001247
0.001254
0.001260
0.001267
0.001274
0.001281
0.001287
0.001294
0.001301
0.001308
0.001315
0.001322
0.001329
0.001336
0.001343
0.001350
0.001357
0.001364
0.001371
0.001378
0.001385
0.001392
0.001399
0.001406
0.001413
0.001420
0.001427
0.001435
0.001442
0.001449
0.001456
0.001463
0.001471
0.001478
0.001485
0.001493
0.001500
0.001507
0.001515
0.001522
0.001529
0.001537
0.001544
0.001552
0.001559
0.001567
0.001574
0.001582
0.001589
0.001597
0.001604
0.001612
0.001620
0.001627
0.001635
0.001642
0.001650
0.001658
0.001666
0.001673
0.001681
0.001689
0.001697
0.001704
0.001712
0.001720
0.001728
0.001736
0.001743
0.001751
0.001759
0.001767
0.001775
0.001783
0.001791
0.001799
0.001807
0.001815
0.001823
0.001831
0.001839
0.001847
0.001855
0.001864
0.001872
0.001880
0.001888
0.001896
0.001904
0.001913
0.001921
0.001929
0.001937
0.001946
0.001954
0.001962
0.001971
0.001979
0.001987
0.001996
0.002004
0.002013
0.002021
0.002029
0.002038
0.002046
0.002055
0.002063
0.002072
0.002080
0.002089
0.002098
0.002106
0.002115
0.002123
0.002132
0.002141
0.002149
0.002158
0.002167
0.002176
0.002184
0.002193
0.002202
0.002211
0.002219
0.002228
0.002237
0.002246
0.002255
0.002264
0.002273
0.002282
0.002291
0.002299
0.002308
0.002317
0.002326
0.002335
0.002345
0.002354
0.002363
0.002372
0.002381
0.002390
0.002399
0.002408
0.002417
0.002427
0.002436
0.002445
0.002454
0.002463
0.002473
0.002482
0.002491
0.002501
0.002510
0.002519
0.002529
0.002538
0.002547
0.002557
0.002566
0.002576
0.002585
0.002595
0.002604
0.002614
0.002623
0.002633
0.002642
0.002652
0.002661
0.002671
0.002681
0.002690
0.002700
0.002710
0.002719
0.002729
0.002739
0.002748
0.002758
0.002768
0.002778
0.002787
0.002797
0.002807
0.002817
0.002827
0.002837
0.002847
0.002856
0.002866
0.002876
0.002886
0.002896
0.002906
0.002916
0.002926
0.002936
0.002946
0.002956
0.002966
0.002977
0.002987
0.002997
0.003007
0.003017
0.003027
0.003037
0.003048
0.003058
0.003068
0.003078
0.003089
0.003099
0.003109
0.003119
0.003130
0.003140
0.003150
0.003161
0.003171
0.003182
0.003192
0.003203
0.003213
0.003223
0.003234
0.003244
0.003255
0.003265
0.003276
0.003287
0.003297
0.003308
0.003318
0.003329
0.003340
0.003350
0.003361
0.003372
0.003382
0.003393
0.003404
0.003414
0.003425
0.003436
0.003447
0.003458
0.003468
0.003479
0.003490
0.003501
0.003512
0.003523
0.003534
0.003545
0.003556
0.003567
0.003578
0.003589
0.003600
0.003611
0.003622
0.003633
0.003644
0.003655
0.003666
0.003677
0.003688
0.003699
0.003710
0.003722
0.003733
0.003744
0.003755
0.003766
0.003778
0.003789
0.003800
0.003812
0.003823
0.003834
0.003846
0.003857
0.003868
0.003880
0.003891
0.003902
0.003914
0.003925
0.003937
0.003948
0.003960
0.003971
0.003983
0.003994
0.004006
0.004018
0.004029
0.004041
0.004052
0.004064
0.004076
0.004087
0.004099
0.004111
0.004122
0.004134
0.004146
0.004158
0.004169
0.004181
0.004193
0.004205
0.004216
0.004228
0.004240
0.004252
0.004264
0.004276
0.004288
0.004300
0.004312
0.004324
0.004336
0.004348
0.004360
0.004372
0.004384
0.004396
0.004408
0.004420
0.004432
0.004444
0.004456
0.004468
0.004480
0.004493
0.004505
0.004517
0.004529
0.004541
0.004554
0.004566
0.004578
0.004590
0.004603
0.004615
0.004627
0.004640
0.004652
0.004664
0.004677
0.004689
0.004702
0.004714
0.004726
0.004739
0.004751
0.004764
0.004776
0.004789
0.004801
0.004814
0.004827
0.004839
0.004852
0.004864
0.004877
0.004890
0.004902
0.004915
0.004928
0.004940
0.004953
0.004966
0.004978
0.004991
0.005004
0.005017
0.005030
0.005042
0.005055
0.005068
0.005081
0.005094
0.005107
0.005120
0.005132
0.005145
0.005158
0.005171
0.005184
0.005197
0.005210
0.005223
0.005236
0.005249
0.005262
0.005275
0.005288
0.005302
0.005315
0.005328
0.005341
0.005354
0.005367
0.005380
0.005394
0.005407
0.005420
0.005433
0.005447
0.005460
0.005473
0.005486
0.005500
0.005513
0.005526
0.005540
0.005553
0.005567
0.005580
0.005593
0.005607
0.005620
0.005634
0.005647
0.005661
0.005674
0.005688
0.005701
0.005715
0.005728
0.005742
0.005755
0.005769
0.005783
0.005796
0.005810
0.005824
0.005837
0.005851
0.005865
0.005878
0.005892
0.005906
0.005919
0.005933
0.005947
0.005961
0.005975
0.005988
0.006002
0.006016
0.006030
0.006044
0.006058
0.006072
0.006086
0.006100
0.006113
0.006127
0.006141
0.006155
0.006169
0.006183
0.006197
0.006211
0.006226
0.006240
0.006254
0.006268
0.006282
0.006296
0.006310
0.006324
0.006338
0.006353
0.006367
0.006381
0.006395
0.006410
0.006424
0.006438
0.006452
0.006467
0.006481
0.006495
0.006510
0.006524
0.006538
0.006553
0.006567
0.006581
0.006596
0.006610
0.006625
0.006639
0.006654
0.006668
0.006683
0.006697
0.006712
0.006726
0.006741
0.006755
0.006770
0.006785
0.006799
0.006814
0.006828
0.006843
0.006858
0.006872
0.006887
0.006902
0.006916
0.006931
0.006946
0.006961
0.006975
0.006990
0.007005
0.007020
0.007035
0.007050
0.007064
0.007079
0.007094
0.007109
0.007124
0.007139
0.007154
0.007169
0.007184
0.007199
0.007214
0.007229
0.007244
0.007259
0.007274
0.007289
0.007304
0.007319
0.007334
0.007349
0.007364
0.007379
0.007395
0.007410
0.007425
0.007440
0.007455
0.007470
0.007486
0.007501
0.007516
0.007531
0.007547
0.007562
0.007577
0.007593
0.007608
0.007623
0.007639
0.007654
0.007669
0.007685
0.007700
0.007716
0.007731
0.007747
0.007762
0.007777
0.007793
0.007808
0.007824
0.007840
0.007855
0.007871
0.007886
0.007902
0.007917
0.007933
0.007949
0.007964
0.007980
0.007996
0.008011
0.008027
0.008043
0.008058
0.008074
0.008090
0.008106
0.008121
0.008137
0.008153
0.008169
0.008185
0.008200
0.008216
0.008232
0.008248
0.008264
0.008280
0.008296
0.008312
0.008328
0.008343
0.008359
0.008375
0.008391
0.008407
0.008423
0.008439
0.008455
0.008472
0.008488
0.008504
0.008520
0.008536
0.008552
0.008568
0.008584
0.008600
0.008617
0.008633
0.008649
0.008665
0.008681
0.008698
0.008714
0.008730
0.008746
0.008763
0.008779
0.008795
0.008812
0.008828
0.008844
0.008861
0.008877
0.008893
0.008910
0.008926
0.008943
0.008959
0.008976
0.008992
0.009008
0.009025
0.009041
0.009058
0.009074
0.009091
0.009108
0.009124
0.009141
0.009157
0.009174
0.009191
0.009207
0.009224
0.009240
0.009257
0.009274
0.009290
0.009307
0.009324
0.009341
0.009357
0.009374
0.009391
0.009408
0.009424
0.009441
0.009458
0.009475
0.009492
0.009509
0.009525
0.009542
0.009559
0.009576
0.009593
0.009610
0.009627
0.009644
0.009661
0.009678
0.009695
0.009712
0.009729
0.009746
0.009763
0.009780
0.009797
0.009814
0.009831
0.009848
0.009865
0.009883
0.009900
0.009917
0.009934
0.009951
0.009968
0.009986
0.010003
0.010020
0.010037
0.010054
0.010072
0.010089
0.010106
0.010124
0.010141
0.010158
0.010176
0.010193
0.010210
0.010228
0.010245
0.010262
0.010280
0.010297
0.010315
0.010332
0.010350
0.010367
0.010385
0.010402
0.010420
0.010437
0.010455
0.010472
0.010490
0.010507
0.010525
0.010542
0.010560
0.010578
0.010595
0.010613
0.010631
0.010648
0.010666
0.010684
0.010701
0.010719
0.010737
0.010755
0.010772
0.010790
0.010808
0.010826
0.010843
0.010861
0.010879
0.010897
0.010915
0.010933
0.010950
0.010968
0.010986
0.011004
0.011022
0.011040
0.011058
0.011076
0.011094
0.011112
0.011130
0.011148
0.011166
0.011184
0.011202
0.011220
0.011238
0.011256
0.011274
0.011292
0.011310
0.011328
0.011347
0.011365
0.011383
0.011401
0.011419
0.011437
0.011456
0.011474
0.011492
0.011510
0.011529
0.011547
0.011565
0.011583
0.011602
0.011620
0.011638
0.011657
0.011675
0.011693
0.011712
0.011730
0.011748
0.011767
0.011785
0.011804
0.011822
0.011841
0.011859
0.011878
0.011896
0.011915
0.011933
0.011952
0.011970
0.011989
0.012007
0.012026
0.012044
0.012063
0.012081
0.012100
0.012119
0.012137
0.012156
0.012175
0.012193
0.012212
0.012231
0.012249
0.012268
0.012287
0.012306
0.012324
0.012343
0.012362
0.012381
0.012399
0.012418
0.012437
0.012456
0.012475
0.012494
0.012513
0.012531
0.012550
0.012569
0.012588
0.012607
0.012626
0.012645
0.012664
0.012683
0.012702
0.012721
0.012740
0.012759
0.012778
0.012797
0.012816
0.012835
0.012854
0.012873
0.012892
0.012911
0.012930
0.012950
0.012969
0.012988
0.013007
0.013026
0.013045
0.013065
0.013084
0.013103
0.013122
0.013141
0.013161
0.013180
0.013199
0.013219
0.013238
0.013257
0.013276
0.013296
0.013315
0.013335
0.013354
0.013373
0.013393
0.013412
0.013431
0.013451
0.013470
0.013490
0.013509
0.013529
0.013548
0.013568
0.013587
0.013607
0.013626
0.013646
0.013665
0.013685
0.013704
0.013724
0.013744
0.013763
0.013783
0.013802
0.013822
0.013842
0.013861
0.013881
0.013901
0.013920
0.013940
0.013960
0.013979
0.013999
0.014019
0.014039
0.014058
0.014078
0.014098
0.014118
0.014138
0.014157
0.014177
0.014197
0.014217
0.014237
0.014257
0.014277
0.014296
0.014316
0.014336
0.014356
0.014376
0.014396
0.014416
0.014436
0.014456
0.014476
0.014496
0.014516
0.014536
0.014556
0.014576
0.014596
0.014616
0.014636
0.014656
0.014677
0.014697
0.014717
0.014737
0.014757
0.014777
0.014797
0.014818
0.014838
0.014858
0.014878
0.014898
0.014919
0.014939
0.014959
0.014979
0.015000
0.015020
0.015040
0.015061
0.015081
0.015101
0.015122
0.015142
0.015162
0.015183
0.015203
0.015223
0.015244
0.015264
0.015285
0.015305
0.015326
0.015346
0.015366
0.015387
0.015407
0.015428
0.015448
0.015469
0.015489
0.015510
0.015531
0.015551
0.015572
0.015592
0.015613
0.015633
0.015654
0.015675
0.015695
0.015716
0.015737
0.015757
0.015778
0.015799
0.015819
0.015840
0.015861
0.015882
0.015902
0.015923
0.015944
0.015965
0.015985
0.016006
0.016027
0.016048
0.016069
0.016089
0.016110
0.016131
0.016152
0.016173
0.016194
0.016215
0.016235
0.016256
0.016277
0.016298
0.016319
0.016340
0.016361
0.016382
0.016403
0.016424
0.016445
0.016466
0.016487
0.016508
0.016529
0.016550
0.016571
0.016592
0.016614
0.016635
0.016656
0.016677
0.016698
0.016719
0.016740
0.016762
0.016783
0.016804
0.016825
0.016846
0.016867
0.016889
0.016910
0.016931
0.016952
0.016974
0.016995
0.017016
0.017038
0.017059
0.017080
0.017102
0.017123
0.017144
0.017166
0.017187
0.017208
0.017230
0.017251
0.017272
0.017294
0.017315
0.017337
0.017358
0.017380
0.017401
0.017423
0.017444
0.017466
0.017487
0.017509
0.017530
0.017552
0.017573
0.017595
0.017616
0.017638
0.017660
0.017681
0.017703
0.017724
0.017746
0.017768
0.017789
0.017811
0.017833
0.017854
0.017876
0.017898
0.017919
0.017941
0.017963
0.017985
0.018006
0.018028
0.018050
0.018072
0.018093
0.018115
0.018137
0.018159
0.018181
0.018202
0.018224
0.018246
0.018268
0.018290
0.018312
0.018334
0.018356
0.018377
0.018399
0.018421
0.018443
0.018465
0.018487
0.018509
0.018531
0.018553
0.018575
0.018597
0.018619
0.018641
0.018663
0.018685
0.018707
0.018729
0.018752
0.018774
0.018796
0.018818
0.018840
0.018862
0.018884
0.018906
0.018929
0.018951
0.018973
0.018995
0.019017
0.019039
0.019062
0.019084
0.019106
0.019128
0.019151
0.019173
0.019195
0.019217
0.019240
0.019262
0.019284
0.019307
0.019329
0.019351
0.019374
0.019396
0.019418
0.019441
0.019463
0.019486
0.019508
0.019530
0.019553
0.019575
0.019598
0.019620
0.019643
0.019665
0.019688
0.019710
0.019733
0.019755
0.019778
0.019800
0.019823
0.019845
0.019868
0.019890
0.019913
0.019935
0.019958
0.019981
0.020003
0.020026
0.020049
0.020071
0.020094
0.020116
0.020139
0.020162
0.020185
0.020207
0.020230
0.020253
0.020275
0.020298
0.020321
0.020344
0.020366
0.020389
0.020412
0.020435
0.020458
0.020480
0.020503
0.020526
0.020549
0.020572
0.020595
0.020617
0.020640
0.020663
0.020686
0.020709
0.020732
0.020755
0.020778
0.020801
0.020824
0.020847
0.020870
0.020892
0.020915
0.020938
0.020961
0.020984
0.021008
0.021031
0.021054
0.021077
0.021100
0.021123
0.021146
0.021169
0.021192
0.021215
0.021238
0.021261
0.021284
0.021308
0.021331
0.021354
0.021377
0.021400
0.021423
0.021447
0.021470
0.021493
0.021516
0.021540
0.021563
0.021586
0.021609
0.021633
0.021656
0.021679
0.021702
0.021726
0.021749
0.021772
0.021796
0.021819
0.021842
0.021866
0.021889
0.021912
0.021936
0.021959
0.021983
0.022006
0.022029
0.022053
0.022076
0.022100
0.022123
0.022147
0.022170
0.022194
0.022217
0.022241
0.022264
0.022288
0.022311
0.022335
0.022358
0.022382
0.022405
0.022429
0.022453
0.022476
0.022500
0.022523
0.022547
0.022571
0.022594
0.022618
0.022641
0.022665
0.022689
0.022712
0.022736
0.022760
0.022784
0.022807
0.022831
0.022855
0.022878
0.022902
0.022926
0.022950
0.022973
0.022997
0.023021
0.023045
0.023069
0.023092
0.023116
0.023140
0.023164
0.023188
0.023212
0.023236
0.023259
0.023283
0.023307
0.023331
0.023355
0.023379
0.023403
0.023427
0.023451
0.023475
0.023499
0.023523
0.023547
0.023571
0.023595
0.023619
0.023643
0.023667
0.023691
0.023715
0.023739
0.023763
0.023787
0.023811
0.023835
0.023859
0.023883
0.023907
0.023931
0.023956
0.023980
0.024004
0.024028
0.024052
0.024076
0.024100
0.024125
0.024149
0.024173
0.024197
0.024221
0.024246
0.024270
0.024294
0.024318
0.024343
0.024367
0.024391
0.024415
0.024440
0.024464
0.024488
0.024513
0.024537
0.024561
0.024586
0.024610
0.024634
0.024659
0.024683
0.024708
0.024732
0.024756
0.024781
0.024805
0.024830
0.024854
0.024878
0.024903
0.024927
0.024952
0.024976
0.025001
0.025025
0.025050
0.025074
0.025099
0.025123
0.025148
0.025172
0.025197
0.025222
0.025246
0.025271
0.025295
0.025320
0.025344
0.025369
0.025394
0.025418
0.025443
0.025468
0.025492
0.025517
0.025542
0.025566
0.025591
0.025616
0.025640
0.025665
0.025690
0.025714
0.025739
0.025764
0.025789
0.025813
0.025838
0.025863
0.025888
0.025912
0.025937
0.025962
0.025987
0.026012
0.026037
0.026061
0.026086
0.026111
0.026136
0.026161
0.026186
0.026211
0.026235
0.026260
0.026285
0.026310
0.026335
0.026360
0.026385
0.026410
0.026435
0.026460
0.026485
0.026510
0.026535
0.026560
0.026585
0.026610
0.026635
0.026660
0.026685
0.026710
0.026735
0.026760
0.026785
0.026810
0.026835
0.026860
0.026885
0.026910
0.026936
0.026961
0.026986
0.027011
0.027036
0.027061
0.027086
0.027112
0.027137
0.027162
0.027187
0.027212
0.027238
0.027263
0.027288
0.027313
0.027338
0.027364
0.027389
0.027414
0.027439
0.027465
0.027490
0.027515
0.027541
0.027566
0.027591
0.027617
0.027642
0.027667
0.027693
0.027718
0.027743
0.027769
0.027794
0.027819
0.027845
0.027870
0.027896
0.027921
0.027946
0.027972
0.027997
0.028023
0.028048
0.028074
0.028099
0.028125
0.028150
0.028176
0.028201
0.028227
0.028252
0.028278
0.028303
0.028329
0.028354
0.028380
0.028405
0.028431
0.028457
0.028482
0.028508
0.028533
0.028559
0.028585
0.028610
0.028636
0.028661
0.028687
0.028713
0.028738
0.028764
0.028790
0.028815
0.028841
0.028867
0.028892
0.028918
0.028944
0.028970
0.028995
0.029021
0.029047
0.029073
0.029098
0.029124
0.029150
0.029176
0.029202
0.029227
0.029253
0.029279
0.029305
0.029331
0.029356
0.029382
0.029408
0.029434
0.029460
0.029486
0.029512
0.029537
0.029563
0.029589
0.029615
0.029641
0.029667
0.029693
0.029719
0.029745
0.029771
0.029797
0.029823
0.029849
0.029875
0.029901
0.029927
0.029953
0.029979
0.030005
0.030031
0.030057
0.030083
0.030109
0.030135
0.030161
0.030187
0.030213
0.030239
0.030265
0.030291
0.030318
0.030344
0.030370
0.030396
0.030422
0.030448
0.030474
0.030501
0.030527
0.030553
0.030579
0.030605
0.030631
0.030658
0.030684
0.030710
0.030736
0.030762
0.030789
0.030815
0.030841
0.030867
0.030894
0.030920
0.030946
0.030973
0.030999
0.031025
0.031051
0.031078
0.031104
0.031130
0.031157
0.031183
0.031209
0.031236
0.031262
0.031289
0.031315
0.031341
0.031368
0.031394
0.031421
0.031447
0.031473
0.031500
0.031526
0.031553
0.031579
0.031606
0.031632
0.031659
0.031685
0.031711
0.031738
0.031764
0.031791
0.031817
0.031844
0.031871
0.031897
0.031924
0.031950
0.031977
0.032003
0.032030
0.032056
0.032083
0.032110
0.032136
0.032163
0.032189
0.032216
0.032243
0.032269
0.032296
0.032323
0.032349
0.032376
0.032402
0.032429
0.032456
0.032483
0.032509
0.032536
0.032563
0.032589
0.032616
0.032643
0.032669
0.032696
0.032723
0.032750
0.032776
0.032803
0.032830
0.032857
0.032884
0.032910
0.032937
0.032964
0.032991
0.033018
0.033044
0.033071
0.033098
0.033125
0.033152
0.033179
0.033206
0.033232
0.033259
0.033286
0.033313
0.033340
0.033367
0.033394
0.033421
0.033448
0.033475
0.033502
0.033528
0.033555
0.033582
0.033609
0.033636
0.033663
0.033690
0.033717
0.033744
0.033771
0.033798
0.033825
0.033852
0.033879
0.033906
0.033933
0.033961
0.033988
0.034015
0.034042
0.034069
0.034096
0.034123
0.034150
0.034177
0.034204
0.034231
0.034259
0.034286
0.034313
0.034340
0.034367
0.034394
0.034421
0.034449
0.034476
0.034503
0.034530
0.034557
0.034585
0.034612
0.034639
0.034666
0.034693
0.034721
0.034748
0.034775
0.034802
0.034830
0.034857
0.034884
0.034911
0.034939
0.034966
0.034993
0.035021
0.035048
0.035075
0.035103
0.035130
0.035157
0.035185
0.035212
0.035239
0.035267
0.035294
0.035321
0.035349
0.035376
0.035404
0.035431
0.035458
0.035486
0.035513
0.035541
0.035568
0.035595
0.035623
0.035650
0.035678
0.035705
0.035733
0.035760
0.035788
0.035815
0.035843
0.035870
0.035898
0.035925
0.035953
0.035980
0.036008
0.036035
0.036063
0.036090
0.036118
0.036146
0.036173
0.036201
0.036228
0.036256
0.036283
0.036311
0.036339
0.036366
0.036394
0.036422
0.036449
0.036477
0.036504
0.036532
0.036560
0.036587
0.036615
0.036643
0.036670
0.036698
0.036726
0.036754
0.036781
0.036809
0.036837
0.036864
0.036892
0.036920
0.036948
0.036975
0.037003
0.037031
0.037059
0.037086
0.037114
0.037142
0.037170
0.037198
0.037225
0.037253
0.037281
0.037309
0.037337
0.037364
0.037392
0.037420
0.037448
0.037476
0.037504
0.037532
0.037559
0.037587
0.037615
0.037643
0.037671
0.037699
0.037727
0.037755
0.037783
0.037811
0.037839
0.037866
0.037894
0.037922
0.037950
0.037978
0.038006
0.038034
0.038062
0.038090
0.038118
0.038146
0.038174
0.038202
0.038230
0.038258
0.038286
0.038314
0.038342
0.038370
0.038398
0.038427
0.038455
0.038483
0.038511
0.038539
0.038567
0.038595
0.038623
0.038651
0.038679
0.038707
0.038736
0.038764
0.038792
0.038820
0.038848
0.038876
0.038904
0.038933
0.038961
0.038989
0.039017
0.039045
0.039073
0.039102
0.039130
0.039158
0.039186
0.039215
0.039243
0.039271
0.039299
0.039327
0.039356
0.039384
0.039412
0.039440
0.039469
0.039497
0.039525
0.039554
0.039582
0.039610
0.039639
0.039667
0.039695
0.039723
0.039752
0.039780
0.039808
0.039837
0.039865
0.039894
0.039922
0.039950
0.039979
0.040007
0.040035
0.040064
0.040092
0.040121
0.040149
0.040177
0.040206
0.040234
0.040263
0.040291
0.040320
0.040348
0.040376
0.040405
0.040433
0.040462
0.040490
0.040519
0.040547
0.040576
0.040604
0.040633
0.040661
0.040690
0.040718
0.040747
0.040775
0.040804
0.040832
0.040861
0.040890
0.040918
0.040947
0.040975
0.041004
0.041032
0.041061
0.041090
0.041118
0.041147
0.041175
0.041204
0.041233
0.041261
0.041290
0.041318
0.041347
0.041376
0.041404
0.041433
0.041462
0.041490
0.041519
0.041548
0.041576
0.041605
0.041634
0.041662
0.041691
0.041720
0.041749
0.041777
0.041806
0.041835
0.041863
0.041892
0.041921
0.041950
0.041978
0.042007
0.042036
0.042065
0.042094
0.042122
0.042151
0.042180
0.042209
0.042238
0.042266
0.042295
0.042324
0.042353
0.042382
0.042410
0.042439
0.042468
0.042497
0.042526
0.042555
0.042584
0.042612
0.042641
0.042670
0.042699
0.042728
0.042757
0.042786
0.042815
0.042844
0.042873
0.042901
0.042930
0.042959
0.042988
0.043017
0.043046
0.043075
0.043104
0.043133
0.043162
0.043191
0.043220
0.043249
0.043278
0.043307
0.043336
0.043365
0.043394
0.043423
0.043452
0.043481
0.043510
0.043539
0.043568
0.043597
0.043626
0.043655
0.043684
0.043713
0.043743
0.043772
0.043801
0.043830
0.043859
0.043888
0.043917
0.043946
0.043975
0.044004
0.044034
0.044063
0.044092
0.044121
0.044150
0.044179
0.044208
0.044238
0.044267
0.044296
0.044325
0.044354
0.044383
0.044413
0.044442
0.044471
0.044500
0.044529
0.044559
0.044588
0.044617
0.044646
0.044676
0.044705
0.044734
0.044763
0.044793
0.044822
0.044851
0.044880
0.044910
0.044939
0.044968
0.044997
0.045027
0.045056
0.045085
0.045115
0.045144
0.045173
0.045203
0.045232
0.045261
0.045291
0.045320
0.045349
0.045379
0.045408
0.045437
0.045467
0.045496
0.045525
0.045555
0.045584
0.045614
0.045643
0.045672
0.045702
0.045731
0.045761
0.045790
0.045819
0.045849
0.045878
0.045908
0.045937
0.045967
0.045996
0.046026
0.046055
0.046084
0.046114
0.046143
0.046173
0.046202
0.046232
0.046261
0.046291
0.046320
0.046350
0.046379
0.046409
0.046438
0.046468
0.046498
0.046527
0.046557
0.046586
0.046616
0.046645
0.046675
0.046704
0.046734
0.046764
0.046793
0.046823
0.046852
0.046882
0.046911
0.046941
0.046971
0.047000
0.047030
0.047060
0.047089
0.047119
0.047148
0.047178
0.047208
0.047237
0.047267
0.047297
0.047326
0.047356
0.047386
0.047415
0.047445
0.047475
0.047504
0.047534
0.047564
0.047593
0.047623
0.047653
0.047683
0.047712
0.047742
0.047772
0.047802
0.047831
0.047861
0.047891
0.047921
0.047950
0.047980
0.048010
0.048040
0.048069
0.048099
0.048129
0.048159
0.048189
0.048218
0.048248
0.048278
0.048308
0.048338
0.048367
0.048397
0.048427
0.048457
0.048487
0.048517
0.048546
0.048576
0.048606
0.048636
0.048666
0.048696
0.048726
0.048755
0.048785
0.048815
0.048845
0.048875
0.048905
0.048935
0.048965
0.048995
0.049025
0.049055
0.049084
0.049114
0.049144
0.049174
0.049204
0.049234
0.049264
0.049294
0.049324
0.049354
0.049384
0.049414
0.049444
0.049474
0.049504
0.049534
0.049564
0.049594
0.049624
0.049654
0.049684
0.049714
0.049744
0.049774
0.049804
0.049834
0.049864
0.049894
0.049924
0.049954
0.049984
0.050014
0.050044
0.050074
0.050105
0.050135
0.050165
0.050195
0.050225
0.050255
0.050285
0.050315
0.050345
0.050375
0.050406
0.050436
0.050466
0.050496
0.050526
0.050556
0.050586
0.050616
0.050647
0.050677
0.050707
0.050737
0.050767
0.050797
0.050828
0.050858
0.050888
0.050918
0.050948
0.050979
0.051009
0.051039
0.051069
0.051099
0.051130
0.051160
0.051190
0.051220
0.051250
0.051281
0.051311
0.051341
0.051371
0.051402
0.051432
0.051462
0.051492
0.051523
0.051553
0.051583
0.051614
0.051644
0.051674
0.051704
0.051735
0.051765
0.051795
0.051826
0.051856
0.051886
0.051917
0.051947
0.051977
0.052008
0.052038
0.052068
0.052099
0.052129
0.052159
0.052190
0.052220
0.052250
0.052281
0.052311
0.052342
0.052372
0.052402
0.052433
0.052463
0.052493
0.052524
0.052554
0.052585
0.052615
0.052646
0.052676
0.052706
0.052737
0.052767
0.052798
0.052828
0.052859
0.052889
0.052919
0.052950
0.052980
0.053011
0.053041
0.053072
0.053102
0.053133
0.053163
0.053194
0.053224
0.053255
0.053285
0.053316
0.053346
0.053377
0.053407
0.053438
0.053468
0.053499
0.053529
0.053560
0.053590
0.053621
0.053652
0.053682
0.053713
0.053743
0.053774
0.053804
0.053835
0.053865
0.053896
0.053927
0.053957
0.053988
0.054018
0.054049
0.054080
0.054110
0.054141
0.054171
0.054202
0.054233
0.054263
0.054294
0.054324
0.054355
0.054386
0.054416
0.054447
0.054478
0.054508
0.054539
0.054570
0.054600
0.054631
0.054662
0.054692
0.054723
0.054754
0.054784
0.054815
0.054846
0.054876
0.054907
0.054938
0.054969
0.054999
0.055030
0.055061
0.055091
0.055122
0.055153
0.055184
0.055214
0.055245
0.055276
0.055307
0.055337
0.055368
0.055399
0.055430
0.055460
0.055491
0.055522
0.055553
0.055583
0.055614
0.055645
0.055676
0.055707
0.055737
0.055768
0.055799
0.055830
0.055861
0.055891
0.055922
0.055953
0.055984
0.056015
0.056046
0.056076
0.056107
0.056138
0.056169
0.056200
0.056231
0.056262
0.056292
0.056323
0.056354
0.056385
0.056416
0.056447
0.056478
0.056509
0.056539
0.056570
0.056601
0.056632
0.056663
0.056694
0.056725
0.056756
0.056787
0.056818
0.056848
0.056879
0.056910
0.056941
0.056972
0.057003
0.057034
0.057065
0.057096
0.057127
0.057158
0.057189
0.057220
0.057251
0.057282
0.057313
0.057344
0.057375
0.057406
0.057437
0.057468
0.057499
0.057530
0.057561
0.057592
0.057623
0.057654
0.057685
0.057716
0.057747
0.057778
0.057809
0.057840
0.057871
0.057902
0.057933
0.057964
0.057995
0.058026
0.058057
0.058088
0.058119
0.058150
0.058181
0.058213
0.058244
0.058275
0.058306
0.058337
0.058368
0.058399
0.058430
0.058461
0.058492
0.058523
0.058555
0.058586
0.058617
0.058648
0.058679
0.058710
0.058741
0.058772
0.058804
0.058835
0.058866
0.058897
0.058928
0.058959
0.058990
0.059022
0.059053
0.059084
0.059115
0.059146
0.059177
0.059209
0.059240
0.059271
0.059302
0.059333
0.059365
0.059396
0.059427
0.059458
0.059489
0.059521
0.059552
0.059583
0.059614
0.059646
0.059677
0.059708
0.059739
0.059770
0.059802
0.059833
0.059864
0.059895
0.059927
0.059958
0.059989
0.060020
0.060052
0.060083
0.060114
0.060146
0.060177
0.060208
0.060239
0.060271
0.060302
0.060333
0.060365
0.060396
0.060427
0.060458
0.060490
0.060521
0.060552
0.060584
0.060615
0.060646
0.060678
0.060709
0.060740
0.060772
0.060803
0.060834
0.060866
0.060897
0.060928
0.060960
0.060991
0.061022
0.061054
0.061085
0.061117
0.061148
0.061179
0.061211
0.061242
0.061273
0.061305
0.061336
0.061368
0.061399
0.061430
0.061462
0.061493
0.061525
0.061556
0.061587
0.061619
0.061650
0.061682
0.061713
0.061745
0.061776
0.061807
0.061839
0.061870
0.061902
0.061933
0.061965
0.061996
0.062028
0.062059
0.062090
0.062122
0.062153
0.062185
0.062216
0.062248
0.062279
0.062311
0.062342
0.062374
0.062405
0.062437
0.062468
0.062500
0.062531
0.062563
0.062594
0.062626
0.062657
0.062689
0.062720
0.062752
0.062783
0.062815
0.062846
0.062878
0.062910
0.062941
0.062973
0.063004
0.063036
0.063067
0.063099
0.063130
0.063162
0.063193
0.063225
0.063257
0.063288
0.063320
0.063351
0.063383
0.063415
0.063446
0.063478
0.063509
0.063541
0.063572
0.063604
0.063636
0.063667
0.063699
0.063730
0.063762
0.063794
0.063825
0.063857
0.063889
0.063920
0.063952
0.063983
0.064015
0.064047
0.064078
0.064110
0.064142
0.064173
0.064205
0.064237
0.064268
0.064300
0.064332
0.064363
0.064395
0.064427
0.064458
0.064490
0.064522
0.064553
0.064585
0.064617
0.064648
0.064680
0.064712
0.064743
0.064775
0.064807
0.064839
0.064870
0.064902
0.064934
0.064965
0.064997
0.065029
0.065061
0.065092
0.065124
0.065156
0.065187
0.065219
0.065251
0.065283
0.065314
0.065346
0.065378
0.065410
0.065441
0.065473
0.065505
0.065537
0.065569
0.065600
0.065632
0.065664
0.065696
0.065727
0.065759
0.065791
0.065823
0.065855
0.065886
0.065918
0.065950
0.065982
0.066014
0.066045
0.066077
0.066109
0.066141
0.066173
0.066204
0.066236
0.066268
0.066300
0.066332
0.066364
0.066395
0.066427
0.066459
0.066491
0.066523
0.066555
0.066586
0.066618
0.066650
0.066682
0.066714
0.066746
0.066778
0.066809
0.066841
0.066873
0.066905
0.066937
0.066969
0.067001
0.067033
0.067064
0.067096
0.067128
0.067160
0.067192
0.067224
0.067256
0.067288
0.067320
0.067351
0.067383
0.067415
0.067447
0.067479
0.067511
0.067543
0.067575
0.067607
0.067639
0.067671
0.067703
0.067735
0.067767
0.067798
0.067830
0.067862
0.067894
0.067926
0.067958
0.067990
0.068022
0.068054
0.068086
0.068118
0.068150
0.068182
0.068214
0.068246
0.068278
0.068310
0.068342
0.068374
0.068406
0.068438
0.068470
0.068502
0.068534
0.068566
0.068598
0.068630
0.068662
0.068694
0.068726
0.068758
0.068790
0.068822
0.068854
0.068886
0.068918
0.068950
0.068982
0.069014
0.069046
0.069078
0.069110
0.069142
0.069174
0.069206
0.069238
0.069270
0.069302
0.069334
0.069366
0.069399
0.069431
0.069463
0.069495
0.069527
0.069559
0.069591
0.069623
0.069655
0.069687
0.069719
0.069751
0.069783
0.069816
0.069848
0.069880
0.069912
0.069944
0.069976
0.070008
0.070040
0.070072
0.070104
0.070137
0.070169
0.070201
0.070233
0.070265
0.070297
0.070329
0.070361
0.070393
0.070426
0.070458
0.070490
0.070522
0.070554
0.070586
0.070618
0.070651
0.070683
0.070715
0.070747
0.070779
0.070811
0.070843
0.070876
0.070908
0.070940
0.070972
0.071004
0.071036
0.071069
0.071101
0.071133
0.071165
0.071197
0.071230
0.071262
0.071294
0.071326
0.071358
0.071390
0.071423
0.071455
0.071487
0.071519
0.071551
0.071584
0.071616
0.071648
0.071680
0.071713
0.071745
0.071777
0.071809
0.071841
0.071874
0.071906
0.071938
0.071970
0.072003
0.072035
0.072067
0.072099
0.072132
0.072164
0.072196
0.072228
0.072261
0.072293
0.072325
0.072357
0.072390
0.072422
0.072454
0.072486
0.072519
0.072551
0.072583
0.072615
0.072648
0.072680
0.072712
0.072744
0.072777
0.072809
0.072841
0.072874
0.072906
0.072938
0.072971
0.073003
0.073035
0.073067
0.073100
0.073132
0.073164
0.073197
0.073229
0.073261
0.073294
0.073326
0.073358
0.073391
0.073423
0.073455
0.073487
0.073520
0.073552
0.073584
0.073617
0.073649
0.073681
0.073714
0.073746
0.073778
0.073811
0.073843
0.073876
0.073908
0.073940
0.073973
0.074005
0.074037
0.074070
0.074102
0.074134
0.074167
0.074199
0.074231
0.074264
0.074296
0.074329
0.074361
0.074393
0.074426
0.074458
0.074491
0.074523
0.074555
0.074588
0.074620
0.074652
0.074685
0.074717
0.074750
0.074782
0.074814
0.074847
0.074879
0.074912
0.074944
0.074977
0.075009
0.075041
0.075074
0.075106
0.075139
0.075171
0.075203
0.075236
0.075268
0.075301
0.075333
0.075366
0.075398
0.075430
0.075463
0.075495
0.075528
0.075560
0.075593
0.075625
0.075658
0.075690
0.075722
0.075755
0.075787
0.075820
0.075852
0.075885
0.075917
0.075950
0.075982
0.076015
0.076047
0.076080
0.076112
0.076145
0.076177
0.076209
0.076242
0.076274
0.076307
0.076339
0.076372
0.076404
0.076437
0.076469
0.076502
0.076534
0.076567
0.076599
0.076632
0.076664
0.076697
0.076729
0.076762
0.076794
0.076827
0.076859
0.076892
0.076924
0.076957
0.076990
0.077022
0.077055
0.077087
0.077120
0.077152
0.077185
0.077217
0.077250
0.077282
0.077315
0.077347
0.077380
0.077412
0.077445
0.077478
0.077510
0.077543
0.077575
0.077608
0.077640
0.077673
0.077705
0.077738
0.077771
0.077803
0.077836
0.077868
0.077901
0.077933
0.077966
0.077998
0.078031
0.078064
0.078096
0.078129
0.078161
0.078194
0.078227
0.078259
0.078292
0.078324
0.078357
0.078389
0.078422
0.078455
0.078487
0.078520
0.078552
0.078585
0.078618
0.078650
0.078683
0.078715
0.078748
0.078781
0.078813
0.078846
0.078879
0.078911
0.078944
0.078976
0.079009
0.079042
0.079074
0.079107
0.079139
0.079172
0.079205
0.079237
0.079270
0.079303
0.079335
0.079368
0.079401
0.079433
0.079466
0.079498
0.079531
0.079564
0.079596
0.079629
0.079662
0.079694
0.079727
0.079760
0.079792
0.079825
0.079858
0.079890
0.079923
0.079956
0.079988
0.080021
0.080054
0.080086
0.080119
0.080152
0.080184
0.080217
0.080250
0.080282
0.080315
0.080348
0.080380
0.080413
0.080446
0.080478
0.080511
0.080544
0.080577
0.080609
0.080642
0.080675
0.080707
0.080740
0.080773
0.080805
0.080838
0.080871
0.080904
0.080936
0.080969
0.081002
0.081034
0.081067
0.081100
0.081133
0.081165
0.081198
0.081231
0.081263
0.081296
0.081329
0.081362
0.081394
0.081427
0.081460
0.081492
0.081525
0.081558
0.081591
0.081623
0.081656
0.081689
0.081722
0.081754
0.081787
0.081820
0.081853
0.081885
0.081918
0.081951
0.081984
0.082016
0.082049
0.082082
0.082115
0.082147
0.082180
0.082213
0.082246
0.082278
0.082311
0.082344
0.082377
0.082410
0.082442
0.082475
0.082508
0.082541
0.082573
0.082606
0.082639
0.082672
0.082704
0.082737
0.082770
0.082803
0.082836
0.082868
0.082901
0.082934
0.082967
0.083000
0.083032
0.083065
0.083098
0.083131
0.083164
0.083196
0.083229
0.083262
0.083295
0.083328
0.083360
0.083393
0.083426
0.083459
0.083492
0.083524
0.083557
0.083590
0.083623
0.083656
0.083689
0.083721
0.083754
0.083787
0.083820
0.083853
0.083885
0.083918
0.083951
0.083984
0.084017
0.084050
0.084082
0.084115
0.084148
0.084181
0.084214
0.084247
0.084279
0.084312
0.084345
0.084378
0.084411
0.084444
0.084477
0.084509
0.084542
0.084575
0.084608
0.084641
0.084674
0.084706
0.084739
0.084772
0.084805
0.084838
0.084871
0.084904
0.084937
0.084969
0.085002
0.085035
0.085068
0.085101
0.085134
0.085167
0.085199
0.085232
0.085265
0.085298
0.085331
0.085364
0.085397
0.085430
0.085463
0.085495
0.085528
0.085561
0.085594
0.085627
0.085660
0.085693
0.085726
0.085759
0.085791
0.085824
0.085857
0.085890
0.085923
0.085956
0.085989
0.086022
0.086055
0.086087
0.086120
0.086153
0.086186
0.086219
0.086252
0.086285
0.086318
0.086351
0.086384
0.086417
0.086450
0.086482
0.086515
0.086548
0.086581
0.086614
0.086647
0.086680
0.086713
0.086746
0.086779
0.086812
0.086845
0.086878
0.086910
0.086943
0.086976
0.087009
0.087042
0.087075
0.087108
0.087141
0.087174
0.087207
0.087240
0.087273
0.087306
0.087339
0.087372
0.087405
0.087437
0.087470
0.087503
0.087536
0.087569
0.087602
0.087635
0.087668
0.087701
0.087734
0.087767
0.087800
0.087833
0.087866
0.087899
0.087932
0.087965
0.087998
0.088031
0.088064
0.088097
0.088130
0.088163
0.088196
0.088229
0.088261
0.088294
0.088327
0.088360
0.088393
0.088426
0.088459
0.088492
0.088525
0.088558
0.088591
0.088624
0.088657
0.088690
0.088723
0.088756
0.088789
0.088822
0.088855
0.088888
0.088921
0.088954
0.088987
0.089020
0.089053
0.089086
0.089119
0.089152
0.089185
0.089218
0.089251
0.089284
0.089317
0.089350
0.089383
0.089416
0.089449
0.089482
0.089515
0.089548
0.089581
0.089614
0.089647
0.089680
0.089713
0.089746
0.089779
0.089812
0.089845
0.089878
0.089911
0.089944
0.089977
0.090010
0.090043
0.090076
0.090109
0.090142
0.090175
0.090209
0.090242
0.090275
0.090308
0.090341
0.090374
0.090407
0.090440
0.090473
0.090506
0.090539
0.090572
0.090605
0.090638
0.090671
0.090704
0.090737
0.090770
0.090803
0.090836
0.090869
0.090902
0.090935
0.090968
0.091001
0.091034
0.091068
0.091101
0.091134
0.091167
0.091200
0.091233
0.091266
0.091299
0.091332
0.091365
0.091398
0.091431
0.091464
0.091497
0.091530
0.091563
0.091596
0.091629
0.091663
0.091696
0.091729
0.091762
0.091795
0.091828
0.091861
0.091894
0.091927
0.091960
0.091993
0.092026
0.092059
0.092092
0.092126
0.092159
0.092192
0.092225
0.092258
0.092291
0.092324
0.092357
0.092390
0.092423
0.092456
0.092489
0.092522
0.092556
0.092589
0.092622
0.092655
0.092688
0.092721
0.092754
0.092787
0.092820
0.092853
0.092886
0.092920
0.092953
0.092986
0.093019
0.093052
0.093085
0.093118
0.093151
0.093184
0.093217
0.093251
0.093284
0.093317
0.093350
0.093383
0.093416
0.093449
0.093482
0.093515
0.093548
0.093582
0.093615
0.093648
0.093681
0.093714
0.093747
0.093780
0.093813
0.093846
0.093880
0.093913
0.093946
0.093979
0.094012
0.094045
0.094078
0.094111
0.094145
0.094178
0.094211
0.094244
0.094277
0.094310
0.094343
0.094376
0.094409
0.094443
0.094476
0.094509
0.094542
0.094575
0.094608
0.094641
0.094675
0.094708
0.094741
0.094774
0.094807
0.094840
0.094873
0.094906
0.094940
0.094973
0.095006
0.095039
0.095072
0.095105
0.095138
0.095172
0.095205
0.095238
0.095271
0.095304
0.095337
0.095370
0.095404
0.095437
0.095470
0.095503
0.095536
0.095569
0.095602
0.095636
0.095669
0.095702
0.095735
0.095768
0.095801
0.095834
0.095868
0.095901
0.095934
0.095967
0.096000
0.096033
0.096067
0.096100
0.096133
0.096166
0.096199
0.096232
0.096266
0.096299
0.096332
0.096365
0.096398
0.096431
0.096465
0.096498
0.096531
0.096564
0.096597
0.096630
0.096664
0.096697
0.096730
0.096763
0.096796
0.096829
0.096863
0.096896
0.096929
0.096962
0.096995
0.097028
0.097062
0.097095
0.097128
0.097161
0.097194
0.097227
0.097261
0.097294
0.097327
0.097360
0.097393
0.097427
0.097460
0.097493
0.097526
0.097559
0.097592
0.097626
0.097659
0.097692
0.097725
0.097758
0.097792
0.097825
0.097858
0.097891
0.097924
0.097957
0.097991
0.098024
0.098057
0.098090
0.098123
0.098157
0.098190
0.098223
0.098256
0.098289
0.098323
0.098356
0.098389
0.098422
0.098455
0.098489
0.098522
0.098555
0.098588
0.098621
0.098655
0.098688
0.098721
0.098754
0.098787
0.098821
0.098854
0.098887
0.098920
0.098953
0.098987
0.099020
0.099053
0.099086
0.099119
0.099153
0.099186
0.099219
0.099252
0.099285
0.099319
0.099352
0.099385
0.099418
0.099452
0.099485
0.099518
0.099551
0.099584
0.099618
0.099651
0.099684
0.099717
0.099750
0.099784
0.099817
0.099850
0.099883
0.099917
0.099950
0.099983
0.100016
0.100049
0.100083
0.100116
0.100149
0.100182
0.100216
0.100249
0.100282
0.100315
0.100348
0.100382
0.100415
0.100448
0.100481
0.100515
0.100548
0.100581
0.100614
0.100647
0.100681
0.100714
0.100747
0.100780
0.100814
0.100847
0.100880
0.100913
0.100947
0.100980
0.101013
0.101046
0.101079
0.101113
0.101146
0.101179
0.101212
0.101246
0.101279
0.101312
0.101345
0.101379
0.101412
0.101445
0.101478
0.101512
0.101545
0.101578
0.101611
0.101645
0.101678
0.101711
0.101744
0.101777
0.101811
0.101844
0.101877
0.101910
0.101944
0.101977
0.102010
0.102043
0.102077
0.102110
0.102143
0.102176
0.102210
0.102243
0.102276
0.102309
0.102343
0.102376
0.102409
0.102442
0.102476
0.102509
0.102542
0.102575
0.102609
0.102642
0.102675
0.102708
0.102742
0.102775
0.102808
0.102841
0.102875
0.102908
0.102941
0.102974
0.103008
0.103041
0.103074
0.103107
0.103141
0.103174
0.103207
0.103240
0.103274
0.103307
0.103340
0.103374
0.103407
0.103440
0.103473
0.103507
0.103540
0.103573
0.103606
0.103640
0.103673
0.103706
0.103739
0.103773
0.103806
0.103839
0.103872
0.103906
0.103939
0.103972
0.104006
0.104039
0.104072
0.104105
0.104139
0.104172
0.104205
0.104238
0.104272
0.104305
0.104338
0.104371
0.104405
0.104438
0.104471
0.104505
0.104538
0.104571
0.104604
0.104638
0.104671
0.104704
0.104737
0.104771
0.104804
0.104837
0.104871
0.104904
0.104937
0.104970
0.105004
0.105037
0.105070
0.105103
0.105137
0.105170
0.105203
0.105237
0.105270
0.105303
0.105336
0.105370
0.105403
0.105436
0.105469
0.105503
0.105536
0.105569
0.105603
0.105636
0.105669
0.105702
0.105736
0.105769
0.105802
0.105836
0.105869
0.105902
0.105935
0.105969
0.106002
0.106035
0.106069
0.106102
0.106135
0.106168
0.106202
0.106235
0.106268
0.106302
0.106335
0.106368
0.106401
0.106435
0.106468
0.106501
0.106535
0.106568
0.106601
0.106634
0.106668
0.106701
0.106734
0.106768
0.106801
0.106834
0.106867
0.106901
0.106934
0.106967
0.107001
0.107034
0.107067
0.107100
0.107134
0.107167
0.107200
0.107234
0.107267
0.107300
0.107334
0.107367
0.107400
0.107433
0.107467
0.107500
0.107533
0.107567
0.107600
0.107633
0.107666
0.107700
0.107733
0.107766
0.107800
0.107833
0.107866
0.107900
0.107933
0.107966
0.107999
0.108033
0.108066
0.108099
0.108133
0.108166
0.108199
0.108232
0.108266
0.108299
0.108332
0.108366
0.108399
0.108432
0.108466
0.108499
0.108532
0.108565
0.108599
0.108632
0.108665
0.108699
0.108732
0.108765
0.108799
0.108832
0.108865
0.108898
0.108932
0.108965
0.108998
0.109032
0.109065
0.109098
0.109132
0.109165
0.109198
0.109232
0.109265
0.109298
0.109331
0.109365
0.109398
0.109431
0.109465
0.109498
0.109531
0.109565
0.109598
0.109631
0.109664
0.109698
0.109731
0.109764
0.109798
0.109831
0.109864
0.109898
0.109931
0.109964
0.109998
0.110031
0.110064
0.110097
0.110131
0.110164
0.110197
0.110231
0.110264
0.110297
0.110331
0.110364
0.110397
0.110431
0.110464
0.110497
0.110531
0.110564
0.110597
0.110630
0.110664
0.110697
0.110730
0.110764
0.110797
0.110830
0.110864
0.110897
0.110930
0.110964
0.110997
0.111030
0.111063
0.111097
0.111130
0.111163
0.111197
0.111230
0.111263
0.111297
0.111330
0.111363
0.111397
0.111430
0.111463
0.111497
0.111530
0.111563
0.111597
0.111630
0.111663
0.111696
0.111730
0.111763
0.111796
0.111830
0.111863
0.111896
0.111930
0.111963
0.111996
0.112030
0.112063
0.112096
0.112130
0.112163
0.112196
0.112230
0.112263
0.112296
0.112329
0.112363
0.112396
0.112429
0.112463
0.112496
0.112529
0.112563
0.112596
0.112629
0.112663
0.112696
0.112729
0.112763
0.112796
0.112829
0.112863
0.112896
0.112929
0.112963
0.112996
0.113029
0.113062
0.113096
0.113129
0.113162
0.113196
0.113229
0.113262
0.113296
0.113329
0.113362
0.113396
0.113429
0.113462
0.113496
0.113529
0.113562
0.113596
0.113629
0.113662
0.113696
0.113729
0.113762
0.113796
0.113829
0.113862
0.113896
0.113929
0.113962
0.113995
0.114029
0.114062
0.114095
0.114129
0.114162
0.114195
0.114229
0.114262
0.114295
0.114329
0.114362
0.114395
0.114429
0.114462
0.114495
0.114529
0.114562
0.114595
0.114629
0.114662
0.114695
0.114729
0.114762
0.114795
0.114829
0.114862
0.114895
0.114929
0.114962
0.114995
0.115029
0.115062
0.115095
0.115129
0.115162
0.115195
0.115228
0.115262
0.115295
0.115328
0.115362
0.115395
0.115428
0.115462
0.115495
0.115528
0.115562
0.115595
0.115628
0.115662
0.115695
0.115728
0.115762
0.115795
0.115828
0.115862
0.115895
0.115928
0.115962
0.115995
0.116028
0.116062
0.116095
0.116128
0.116162
0.116195
0.116228
0.116262
0.116295
0.116328
0.116362
0.116395
0.116428
0.116462
0.116495
0.116528
0.116562
0.116595
0.116628
0.116662
0.116695
0.116728
0.116762
0.116795
0.116828
0.116862
0.116895
0.116928
0.116962
0.116995
0.117028
0.117061
0.117095
0.117128
0.117161
0.117195
0.117228
0.117261
0.117295
0.117328
0.117361
0.117395
0.117428
0.117461
0.117495
0.117528
0.117561
0.117595
0.117628
0.117661
0.117695
0.117728
0.117761
0.117795
0.117828
0.117861
0.117895
0.117928
0.117961
0.117995
0.118028
0.118061
0.118095
0.118128
0.118161
0.118195
0.118228
0.118261
0.118295
0.118328
0.118361
0.118395
0.118428
0.118461
0.118495
0.118528
0.118561
0.118595
0.118628
0.118661
0.118695
0.118728
0.118761
0.118795
0.118828
0.118861
0.118895
0.118928
0.118961
0.118995
0.119028
0.119061
0.119095
0.119128
0.119161
0.119195
0.119228
0.119261
0.119295
0.119328
0.119361
0.119395
0.119428
0.119461
0.119495
0.119528
0.119561
0.119595
0.119628
0.119661
0.119695
0.119728
0.119761
0.119795
0.119828
0.119861
0.119895
0.119928
0.119961
0.119995
0.120028
0.120061
0.120095
0.120128
0.120161
0.120195
0.120228
0.120261
0.120295
0.120328
0.120361
0.120395
0.120428
0.120461
0.120495
0.120528
0.120561
0.120595
0.120628
0.120661
0.120695
0.120728
0.120761
0.120795
0.120828
0.120861
0.120895
0.120928
0.120961
0.120995
0.121028
0.121061
0.121094
0.121128
0.121161
0.121194
0.121228
0.121261
0.121294
0.121328
0.121361
0.121394
0.121428
0.121461
0.121494
0.121528
0.121561
0.121594
0.121628
0.121661
0.121694
0.121728
0.121761
0.121794
0.121828
0.121861
0.121894
0.121928
0.121961
0.121994
0.122028
0.122061
0.122094
0.122128
0.122161
0.122194
0.122228
0.122261
0.122294
0.122328
0.122361
0.122394
0.122428
0.122461
0.122494
0.122528
0.122561
0.122594
0.122628
0.122661
0.122694
0.122728
0.122761
0.122794
0.122828
0.122861
0.122894
0.122928
0.122961
0.122994
0.123028
0.123061
0.123094
0.123128
0.123161
0.123194
0.123228
0.123261
0.123294
0.123328
0.123361
0.123394
0.123428
0.123461
0.123494
0.123528
0.123561
0.123594
0.123628
0.123661
0.123694
0.123728
0.123761
0.123794
0.123828
0.123861
0.123894
0.123928
0.123961
0.123994
0.124028
0.124061
0.124094
0.124128
0.124161
0.124194
0.124228
0.124261
0.124294
0.124328
0.124361
0.124394
0.124428
0.124461
0.124494
0.124528
0.124561
0.124594
0.124628
0.124661
0.124694
0.124728
0.124761
0.124794
0.124828
0.124861
0.124894
0.124928
0.124961
0.124994
