0.000000
0.000001
0.000002
0.000003
0.000006
0.000008
0.000011
0.000015
0.000019
0.000024
0.000029
0.000034
0.000040
0.000047
0.000054
0.000061
0.000069
0.000078
0.000087
0.000096
0.000106
0.000117
0.000127
0.000139
0.000151
0.000163
0.000176
0.000189
0.000203
0.000217
0.000232
0.000247
0.000262
0.000279
0.000295
0.000312
0.000330
0.000348
0.000366
0.000385
0.000404
0.000424
0.000444
0.000465
0.000486
0.000508
0.000530
0.000552
0.000575
0.000599
0.000623
0.000647
0.000672
0.000697
0.000723
0.000749
0.000775
0.000803
0.000830
0.000858
0.000886
0.000915
0.000944
0.000974
0.001004
0.001035
0.001066
0.001097
0.001129
0.001161
0.001194
0.001227
0.001261
0.001295
0.001329
0.001364
0.001399
0.001435
0.001471
0.001508
0.001545
0.001582
0.001620
0.001659
0.001697
0.001736
0.001776
0.001816
0.001856
0.001897
0.001938
0.001980
0.002022
0.002064
0.002107
0.002150
0.002194
0.002238
0.002283
0.002327
0.002373
0.002418
0.002465
0.002511
0.002558
0.002605
0.002653
0.002701
0.002750
0.002798
0.002848
0.002897
0.002948
0.002998
0.003049
0.003100
0.003152
0.003204
0.003256
0.003309
0.003362
0.003416
0.003470
0.003524
0.003579
0.003634
0.003690
0.003746
0.003802
0.003859
0.003916
0.003973
0.004031
0.004089
0.004147
0.004206
0.004266
0.004325
0.004385
0.004446
0.004507
0.004568
0.004629
0.004691
0.004753
0.004816
0.004879
0.004942
0.005006
0.005070
0.005135
0.005199
0.005265
0.005330
0.005396
0.005462
0.005529
0.005596
0.005663
0.005731
0.005799
0.005867
0.005936
0.006005
0.006074
0.006144
0.006214
0.006285
0.006355
0.006427
0.006498
0.006570
0.006642
0.006715
0.006787
0.006861
0.006934
0.007008
0.007082
0.007157
0.007232
0.007307
0.007383
0.007458
0.007535
0.007611
0.007688
0.007765
0.007843
0.007921
0.007999
0.008078
0.008156
0.008236
0.008315
0.008395
0.008475
0.008556
0.008637
0.008718
0.008799
0.008881
0.008963
0.009045
0.009128
0.009211
0.009295
0.009378
0.009462
0.009547
0.009631
0.009716
0.009801
0.009887
0.009973
0.010059
0.010145
0.010232
0.010319
0.010407
0.010494
0.010582
0.010671
0.010759
0.010848
0.010937
0.011027
0.011117
0.011207
0.011297
0.011388
0.011479
0.011570
0.011662
0.011754
0.011846
0.011938
0.012031
0.012124
0.012217
0.012311
0.012405
0.012499
0.012594
0.012688
0.012784
0.012879
0.012975
0.013070
0.013167
0.013263
0.013360
0.013457
0.013554
0.013652
0.013750
0.013848
0.013946
0.014045
0.014144
0.014243
0.014343
0.014443
0.014543
0.014643
0.014744
0.014844
0.014946
0.015047
0.015149
0.015251
0.015353
0.015455
0.015558
0.015661
0.015764
0.015868
0.015972
0.016076
0.016180
0.016285
0.016390
0.016495
0.016600
0.016706
0.016812
0.016918
0.017024
0.017131
0.017238
0.017345
0.017452
0.017560
0.017668
0.017776
0.017884
0.017993
0.018102
0.018211
0.018320
0.018430
0.018540
0.018650
0.018760
0.018871
0.018982
0.019093
0.019204
0.019316
0.019427
0.019539
0.019652
0.019764
0.019877
0.019990
0.020103
0.020217
0.020330
0.020444
0.020558
0.020673
0.020787
0.020902
0.021017
0.021133
0.021248
0.021364
0.021480
0.021596
0.021713
0.021829
0.021946
0.022063
0.022181
0.022298
0.022416
0.022534
0.022652
0.022771
0.022889
0.023008
0.023127
0.023247
0.023366
0.023486
0.023606
0.023726
0.023846
0.023967
0.024088
0.024209
0.024330
0.024451
0.024573
0.024695
0.024817
0.024939
0.025062
0.025184
0.025307
0.025430
0.025554
0.025677
0.025801
0.025925
0.026049
0.026173
0.026298
0.026423
0.026547
0.026673
0.026798
0.026923
0.027049
0.027175
0.027301
0.027427
0.027554
0.027681
0.027807
0.027935
0.028062
0.028189
0.028317
0.028445
0.028573
0.028701
0.028829
0.028958
0.029087
0.029216
0.029345
0.029474
0.029604
0.029733
0.029863
0.029993
0.030124
0.030254
0.030385
0.030515
0.030646
0.030778
0.030909
0.031040
0.031172
0.031304
0.031436
0.031568
0.031701
0.031833
0.031966
0.032099
0.032232
0.032365
0.032499
0.032632
0.032766
0.032900
0.033034
0.033168
0.033303
0.033437
0.033572
0.033707
0.033842
0.033977
0.034113
0.034248
0.034384
0.034520
0.034656
0.034792
0.034929
0.035065
0.035202
0.035339
0.035476
0.035613
0.035751
0.035888
0.036026
0.036164
0.036302
0.036440
0.036578
0.036717
0.036855
0.036994
0.037133
0.037272
0.037411
0.037550
0.037690
0.037830
0.037969
0.038109
0.038249
0.038390
0.038530
0.038671
0.038811
0.038952
0.039093
0.039234
0.039376
0.039517
0.039659
0.039800
0.039942
0.040084
0.040226
0.040368
0.040511
0.040653
0.040796
0.040939
0.041082
0.041225
0.041368
0.041511
0.041655
0.041799
0.041942
0.042086
0.042230
0.042374
0.042519
0.042663
0.042808
0.042952
0.043097
0.043242
0.043387
0.043532
0.043678
0.043823
0.043969
0.044114
0.044260
0.044406
0.044552
0.044699
0.044845
0.044991
0.045138
0.045285
0.045431
0.045578
0.045725
0.045873
0.046020
0.046167
0.046315
0.046463
0.046610
0.046758
0.046906
0.047054
0.047203
0.047351
0.047499
0.047648
0.047797
0.047946
0.048094
0.048244
0.048393
0.048542
0.048691
0.048841
0.048990
0.049140
0.049290
0.049440
0.049590
0.049740
0.049890
0.050041
0.050191
0.050342
0.050492
0.050643
0.050794
0.050945
0.051096
0.051247
0.051399
0.051550
0.051701
0.051853
0.052005
0.052157
0.052309
0.052461
0.052613
0.052765
0.052917
0.053070
0.053222
0.053375
0.053527
0.053680
0.053833
0.053986
0.054139
0.054292
0.054445
0.054599
0.054752
0.054906
0.055059
0.055213
0.055367
0.055521
0.055675
0.055829
0.055983
0.056137
0.056292
0.056446
0.056601
0.056755
0.056910
0.057065
0.057220
0.057375
0.057530
0.057685
0.057840
0.057995
0.058151
0.058306
0.058462
0.058617
0.058773
0.058929
0.059085
0.059241
0.059397
0.059553
0.059709
0.059865
0.060022
0.060178
0.060335
0.060491
0.060648
0.060805
0.060962
0.061119
0.061276
0.061433
0.061590
0.061747
0.061904
0.062062
0.062219
0.062377
0.062534
0.062692
0.062849
0.063007
0.063165
0.063323
0.063481
0.063639
0.063797
0.063955
0.064114
0.064272
0.064430
0.064589
0.064748
0.064906
0.065065
0.065224
0.065382
0.065541
0.065700
0.065859
0.066018
0.066177
0.066337
0.066496
0.066655
0.066815
0.066974
0.067134
0.067293
0.067453
0.067613
0.067772
0.067932
0.068092
0.068252
0.068412
0.068572
0.068732
0.068892
0.069053
0.069213
0.069373
0.069534
0.069694
0.069855
0.070015
0.070176
0.070337
0.070497
0.070658
0.070819
0.070980
0.071141
0.071302
0.071463
0.071624
0.071785
0.071947
0.072108
0.072269
0.072431
0.072592
0.072753
0.072915
0.073077
0.073238
0.073400
0.073562
0.073723
0.073885
0.074047
0.074209
0.074371
0.074533
0.074695
0.074857
0.075019
0.075181
0.075344
0.075506
0.075668
0.075831
0.075993
0.076156
0.076318
0.076481
0.076643
0.076806
0.076969
0.077131
0.077294
0.077457
0.077620
0.077783
0.077946
0.078109
0.078272
0.078435
0.078598
0.078761
0.078924
0.079087
0.079251
0.079414
0.079577
0.079740
0.079904
0.080067
0.080231
0.080394
0.080558
0.080721
0.080885
0.081049
0.081212
0.081376
0.081540
0.081704
0.081868
0.082031
0.082195
0.082359
0.082523
0.082687
0.082851
0.083015
0.083179
0.083343
0.083508
0.083672
0.083836
0.084000
0.084165
0.084329
0.084493
0.084658
0.084822
0.084986
0.085151
0.085315
0.085480
0.085644
0.085809
0.085974
0.086138
0.086303
0.086468
0.086632
0.086797
0.086962
0.087127
0.087291
0.087456
0.087621
0.087786
0.087951
0.088116
0.088281
0.088446
0.088611
0.088776
0.088941
0.089106
0.089271
0.089436
0.089601
0.089767
0.089932
0.090097
0.090262
0.090428
0.090593
0.090758
0.090923
0.091089
0.091254
0.091420
0.091585
0.091750
0.091916
0.092081
0.092247
0.092412
0.092578
0.092743
0.092909
0.093075
0.093240
0.093406
0.093572
0.093737
0.093903
0.094069
0.094234
0.094400
0.094566
0.094732
0.094897
0.095063
0.095229
0.095395
0.095561
0.095727
0.095892
0.096058
0.096224
0.096390
0.096556
0.096722
0.096888
0.097054
0.097220
0.097386
0.097552
0.097718
0.097884
0.098050
0.098216
0.098382
0.098549
0.098715
0.098881
0.099047
0.099213
0.099379
0.099545
0.099712
0.099878
0.100044
0.100210
0.100377
0.100543
0.100709
0.100875
0.101042
0.101208
0.101374
0.101540
0.101707
0.101873
0.102040
0.102206
0.102372
0.102539
0.102705
0.102871
0.103038
0.103204
0.103371
0.103537
0.103703
0.103870
0.104036
0.104203
0.104369
0.104536
0.104702
0.104869
0.105035
0.105202
0.105368
0.105535
0.105701
0.105868
0.106034
0.106201
0.106367
0.106534
0.106701
0.106867
0.107034
0.107200
0.107367
0.107533
0.107700
0.107867
0.108033
0.108200
0.108366
0.108533
0.108700
0.108866
0.109033
0.109200
0.109366
0.109533
0.109700
0.109866
0.110033
0.110200
0.110366
0.110533
0.110700
0.110866
0.111033
0.111200
0.111366
0.111533
0.111700
0.111867
0.112033
0.112200
0.112367
0.112533
0.112700
0.112867
0.113034
0.113200
0.113367
0.113534
0.113700
0.113867
0.114034
0.114201
0.114367
0.114534
0.114701
0.114868
0.115034
0.115201
0.115368
0.115535
0.115701
0.115868
0.116035
0.116202
0.116369
0.116535
0.116702
0.116869
0.117036
0.117202
0.117369
0.117536
0.117703
0.117869
0.118036
0.118203
0.118370
0.118537
0.118703
0.118870
0.119037
0.119204
0.119371
0.119537
0.119704
0.119871
0.120038
0.120204
0.120371
0.120538
0.120705
0.120872
0.121038
0.121205
0.121372
0.121539
0.121706
0.121872
0.122039
0.122206
0.122373
0.122539
0.122706
0.122873
0.123040
0.123207
0.123373
0.123540
0.123707
0.123874
0.124041
0.124207
0.124374
0.124541
0.124708
0.124875
0.125041
