0.000013
0.000075
0.000185
0.000344
0.000548
0.000799
0.001094
0.001432
0.001814
0.002237
0.002701
0.003206
0.003749
0.004331
0.004950
0.005606
0.006297
0.007024
0.007784
0.008577
0.009403
0.010261
0.011149
0.012067
0.013015
0.013991
0.014995
0.016026
0.017083
0.018166
0.019273
0.020405
0.021560
0.022738
0.023938
0.025160
0.026402
0.027665
0.028947
0.030248
0.031567
0.032904
0.034258
0.035628
0.037015
0.038417
0.039834
0.041265
0.042710
0.044168
0.045639
0.047122
0.048617
0.050123
0.051640
0.053167
0.054704
0.056251
0.057807
0.059371
0.060944
0.062524
0.064112
0.065706
0.067308
0.068916
0.070529
0.072149
0.073773
0.075403
0.077037
0.078675
0.080318
0.081964
0.083614
0.085267
0.086923
0.088582
0.090244
0.091907
0.093573
0.095241
0.096910
0.098581
0.100254
0.101927
0.103602
0.105277
0.106954
0.108630
0.110308
0.111986
0.113664
0.115343
0.117021
0.118700
0.120379
0.122059
0.123738
0.125417
